1 0.025781 0.320166 0.051562 0.220374
1 0.059375500000000005 0.195426 0.034375 0.049895999999999996
1 0.1320315 0.3846155 0.17968699999999999 0.291061
1 0.11171899999999998 0.5457380000000001 0.07343799999999999 0.09355600000000003
1 0.20156249999999998 0.1153845 0.021875000000000006 0.03534300000000001
1 0.3117185 0.3555095 0.226563 0.34511499999999995
1 0.4890625 0.3970895 0.19687500000000002 0.31185100000000004
1 0.725781 0.39085250000000005 0.22343800000000003 0.332641
1 0.6476565000000001 0.19438650000000002 0.04843699999999995 0.068607
1 0.7117184999999999 0.122661 0.17031300000000005 0.220374
1 0.7734375 0.527027 0.078125 0.05613399999999996
1 0.8289065 0.072765 0.13906299999999994 0.14553
1 0.807031 0.22037400000000001 0.07968800000000009 0.10395000000000001
1 0.869531 0.5207900000000001 0.07656199999999991 0.05613400000000002
1 0.9882815 0.432432 0.020313000000000025 0.095634
