0 0.486875 0.28 0.97375 0.56
0 0.026875 0.510833 0.043750000000000004 0.04999999999999999
0 0.059687500000000004 0.4841665 0.04812500000000001 0.05166700000000002
0 0.0959375 0.4554165 0.048125 0.04916699999999996
0 0.13 0.42791650000000003 0.05125000000000002 0.06416700000000003
0 0.16218749999999998 0.40708350000000004 0.05437499999999998 0.08083299999999999
0 0.1959375 0.3716665 0.05687499999999998 0.06166700000000003
0 0.2290625 0.34 0.05812499999999998 0.063334
0 0.2553125 0.3195835 0.05437499999999998 0.07416700000000004
0 0.2884375 0.29874999999999996 0.05562499999999998 0.08083400000000002
0 0.3225 0.26875000000000004 0.053749999999999964 0.07583400000000001
0 0.3534375 0.2420835 0.06187500000000001 0.08083299999999996
0 0.3828125 0.21625 0.055625000000000036 0.08416599999999999
0 0.395625 0.1595835 0.02749999999999997 0.025832999999999995
0 0.4428125 0.16041650000000002 0.05687500000000001 0.07583300000000001
0 0.4646875 0.6904165 0.046875 0.05916699999999997
0 0.4734375 0.13416650000000002 0.06187500000000001 0.068333
0 0.5065625 0.1058335 0.060624999999999984 0.05666700000000001
0 0.5325 0.0816665 0.05249999999999999 0.063333
0 0.5665625000000001 0.0616665 0.05437499999999995 0.061667
0 0.5846875 0.42 0.06187500000000001 0.061666
0 0.6021875 0.043750000000000004 0.055625000000000036 0.074166
0 0.6353125 0.0325 0.05437499999999995 0.065
0 0.7940625 0.3445835 0.02562500000000001 0.06916699999999998
0 0.8334375 0.1395835 0.03437499999999993 0.034167
0 0.8603125 0.2875 0.024375000000000036 0.041666000000000036
