1 0.135 0.8977489999999999 0.27 0.17260799999999998
1 0.0359375 0.64212 0.034375 0.05722399999999994
1 0.139375 0.29174500000000003 0.16625 0.307692
1 0.2346875 0.2903375 0.07062500000000002 0.141651
1 0.34687500000000004 0.7757970000000001 0.14375 0.236398
1 0.35375 0.640244 0.05249999999999999 0.042213999999999974
1 0.3775 0.5075045 0.08999999999999997 0.14634100000000005
1 0.44937499999999997 0.7889305 0.048750000000000016 0.08255100000000004
1 0.505 0.520638 0.08874999999999994 0.15384599999999998
1 0.756875 0.7237335 0.485 0.44371499999999997
1 0.6771875 0.0825515 0.10562499999999997 0.165103
