1 0.00625 0.485932 0.0125 0.050409999999999955
1 0.0078125 0.5257915 0.015625 0.03868700000000003
1 0.0222655 0.4982415 0.032031000000000004 0.04689300000000002
1 0.0636715 0.498242 0.019531 0.035170000000000035
1 0.10859350000000001 0.516413 0.02187499999999999 0.03634199999999993
1 0.24726550000000003 0.7866355 0.041407 0.06799499999999992
1 0.24843749999999998 0.5005865 0.020312999999999998 0.03282499999999999
1 0.279297 0.7543960000000001 0.041406 0.06213400000000002
1 0.3570315 0.563892 0.02343700000000004 0.03986000000000001
1 0.363672 0.543376 0.02578199999999997 0.03399799999999997
1 0.373828 0.5293085 0.017967999999999984 0.04103099999999993
1 0.378125 0.510551 0.025000000000000022 0.026963999999999988
1 0.38593750000000004 0.5 0.017187000000000008 0.029307999999999945
1 0.388672 0.4835875 0.019531999999999994 0.03165300000000004
1 0.3996095 0.46131350000000004 0.017969000000000013 0.024619000000000002
1 0.3972655 0.4736225 0.011719000000000035 0.023446999999999996
1 0.4054685 0.436108 0.009375000000000022 0.01406799999999997
1 0.40585899999999997 0.45310649999999997 0.010155999999999998 0.026963000000000015
1 0.44570299999999996 0.5539275 0.010155999999999998 0.024618999999999946
1 0.44999999999999996 0.5281359999999999 0.007811999999999986 0.0269640000000001
1 0.45390600000000003 0.49531100000000006 0.007811999999999986 0.026964000000000043
1 0.46523400000000004 0.48475999999999997 0.014844000000000024 0.012895999999999963
1 0.4714845 0.467761 0.013281000000000043 0.023446000000000022
1 0.49882800000000005 0.46307149999999997 0.021094 0.03282500000000005
1 0.508984 0.4794845 0.01484400000000008 0.023446999999999996
1 0.523047 0.44490050000000003 0.017967999999999984 0.03868699999999997
1 0.5585935 0.6617815 0.05312499999999998 0.13012899999999994
1 0.5484375 0.4454865 0.017187000000000063 0.03282499999999999
1 0.5597654999999999 0.4583825 0.01640699999999995 0.030481000000000036
1 0.6152345 0.400352 0.019530999999999965 0.026963999999999988
1 0.64375 0.7790155 0.073438 0.09495900000000002
1 0.6425780000000001 0.677022 0.04765600000000003 0.06916800000000001
1 0.6683595 0.4366945 0.02421899999999999 0.03868699999999997
1 0.6847655 0.4032825 0.02421899999999999 0.03282499999999999
1 0.7062505 0.5152405 0.046875 0.05978900000000004
1 0.6992185 0.400352 0.021874999999999978 0.022274000000000016
1 0.721875 0.48182899999999995 0.04375000000000007 0.058615999999999946
1 0.738281 0.5386865000000001 0.04375000000000007 0.052754999999999996
1 0.769531 0.3985935 0.025000000000000022 0.03048099999999998
1 0.7796875000000001 0.1178195 0.021874999999999978 0.03868700000000001
1 0.8148435 0.6400939999999999 0.051562999999999914 0.08440799999999993
1 0.8039065000000001 0.118406 0.02343700000000004 0.03517000000000001
1 0.8261715000000001 0.1377495 0.0242190000000001 0.03868700000000001
1 0.8656250000000001 0.1354045 0.02343799999999996 0.03399700000000001
1 0.8847659999999999 0.1529895 0.0226559999999999 0.043377
1 0.908203 0.15005849999999998 0.03046799999999994 0.03751499999999999
