0 0.0184375 0.5516665000000001 0.036875 0.166667
0 0.37031250000000004 0.452083 0.558125 0.49750000000000005
0 0.2165625 0.44875 0.03312499999999999 0.019166000000000016
0 0.5828125 0.5120835 0.5856250000000001 0.794167
0 0.670625 0.0525 0.01375000000000004 0.015
0 0.725 0.012917000000000001 0.07374999999999998 0.0225
0 0.729375 0.0075 0.023749999999999938 0.015
0 0.749375 0.310417 0.030000000000000027 0.022499999999999964
0 0.7537499999999999 0.26625 0.03874999999999995 0.02250000000000002
0 0.765625 0.021249999999999998 0.010000000000000009 0.019166
0 0.7790625 0.0404165 0.01937499999999992 0.015833
0 0.8321875 0.6241665000000001 0.09687500000000004 0.13666699999999998
0 0.88375 0.43125 0.04249999999999998 0.03583399999999998
