1 0.5303125 0.5722655 0.03562500000000002 0.04140699999999997
1 0.5253125000000001 0.507031 0.021874999999999978 0.035938000000000025
1 0.5331250000000001 0.5390625 0.02375000000000005 0.02343699999999993
1 0.5515625 0.688281 0.02937500000000004 0.03125
1 0.5509375 0.5503905 0.02562500000000001 0.025781000000000054
1 0.5515625 0.717578 0.02312499999999995 0.027343999999999924
1 0.546875 0.4992185 0.012499999999999956 0.02812500000000001
1 0.5559375 0.527344 0.021874999999999978 0.029688000000000048
1 0.5584375 0.5765625000000001 0.02562500000000001 0.03906299999999996
1 0.5562499999999999 0.49609349999999997 0.015000000000000013 0.03437499999999999
1 0.56125 0.619531 0.02375000000000005 0.04843800000000009
1 0.568125 0.6933595 0.023749999999999938 0.04140699999999997
1 0.5700000000000001 0.7363284999999999 0.025000000000000022 0.0554690000000001
1 0.5721875000000001 0.5785155 0.020625000000000004 0.042968999999999924
1 0.5728125 0.6511715 0.01937500000000003 0.025781000000000054
1 0.575 0.5410155 0.018749999999999933 0.02421899999999999
1 0.5771875 0.511719 0.02312499999999995 0.031250000000000056
1 0.5765625000000001 0.48476549999999996 0.01937500000000003 0.025781
1 0.575625 0.6160155 0.011250000000000093 0.027343000000000006
1 0.5840624999999999 0.732031 0.01937500000000003 0.03906199999999993
1 0.5853124999999999 0.691797 0.021874999999999978 0.041406000000000054
1 0.5859375 0.64375 0.020624999999999893 0.03125
1 0.5865625000000001 0.5722655 0.021874999999999978 0.04140699999999997
1 0.5874999999999999 0.6085940000000001 0.015000000000000013 0.03281199999999995
1 0.5934375000000001 0.4906245 0.02312499999999995 0.034375000000000044
1 0.600625 0.524219 0.028749999999999942 0.035938000000000025
1 0.6031249999999999 0.564453 0.025000000000000022 0.03984399999999999
1 0.6056250000000001 0.7339845 0.02749999999999997 0.042968999999999924
1 0.6078125 0.5996090000000001 0.023125000000000062 0.028905999999999987
1 0.6065625 0.648047 0.018124999999999947 0.04609399999999997
1 0.609375 0.6925785 0.023749999999999938 0.036718999999999946
1 0.6187499999999999 0.5308595 0.026249999999999996 0.04765699999999995
1 0.6246875000000001 0.7382815 0.020625000000000004 0.04843699999999995
1 0.6271875 0.6101559999999999 0.020625000000000004 0.03906200000000004
1 0.6299999999999999 0.6511715 0.026249999999999996 0.042969000000000035
1 0.6271875 0.5695315 0.018124999999999947 0.046875
1 0.630625 0.694141 0.016249999999999987 0.04609400000000008
1 0.6425000000000001 0.565625 0.028749999999999942 0.051562
1 0.6387499999999999 0.5152345 0.016249999999999987 0.02421899999999999
1 0.6409374999999999 0.6 0.018125000000000058 0.035938000000000025
1 0.6465624999999999 0.7347655 0.02312499999999995 0.04453099999999999
1 0.6525000000000001 0.6875 0.025000000000000022 0.04687599999999992
1 0.6534375 0.5214845 0.023125000000000062 0.042969000000000035
1 0.6540625 0.6445315 0.01937499999999992 0.046875
1 0.6590625000000001 0.6015625 0.020625000000000004 0.03593700000000011
1 0.6643749999999999 0.7269535 0.02375000000000005 0.03203100000000003
1 0.6656249999999999 0.562109 0.01749999999999996 0.04140599999999994
1 0.670625 0.5128904999999999 0.025000000000000022 0.03984299999999996
1 0.671875 0.6890624999999999 0.02499999999999991 0.03906299999999996
1 0.6753125 0.6453125 0.023125000000000062 0.04062500000000002
1 0.6828125 0.6066404999999999 0.021874999999999978 0.04609300000000005
1 0.68625 0.562109 0.026249999999999996 0.04140599999999994
1 0.686875 0.7378910000000001 0.02750000000000008 0.04609399999999997
1 0.691875 0.6890624999999999 0.023749999999999938 0.035937
1 0.6934374999999999 0.516406 0.020625000000000004 0.050000000000000044
1 0.69875 0.6445315 0.023749999999999938 0.046875
1 0.7015625000000001 0.7234375 0.020625000000000004 0.028125000000000067
1 0.7050000000000001 0.5988285 0.025000000000000022 0.04453099999999999
1 0.7075 0.5601565 0.025000000000000022 0.028125000000000067
1 0.713125 0.5035155 0.030000000000000027 0.04140699999999997
1 0.713125 0.540625 0.02499999999999991 0.035938000000000025
1 0.715625 0.5914065 0.02749999999999997 0.035937
1 0.7175 0.6871095 0.02749999999999997 0.042968999999999924
1 0.7184375000000001 0.725781 0.01937500000000003 0.035938000000000025
1 0.7290625 0.6472655 0.020625000000000004 0.04453099999999999
1 0.73875 0.7335935 0.026249999999999996 0.04843700000000006
1 0.739375 0.550781 0.02499999999999991 0.05625000000000002
1 0.74125 0.6003905 0.026249999999999996 0.04453099999999999
1 0.7446875 0.6839845 0.024374999999999925 0.042969000000000035
1 0.7509375 0.5023435 0.02937500000000004 0.05312499999999998
1 0.754375 0.582422 0.025000000000000022 0.03984399999999999
1 0.760625 0.639453 0.03125 0.04609399999999997
1 0.7646875 0.729687 0.02937500000000004 0.050000000000000044
1 0.7618750000000001 0.5441405 0.01749999999999996 0.042969000000000035
1 0.776875 0.490625 0.028750000000000053 0.03593799999999997
1 0.776875 0.5757815 0.026249999999999996 0.035937
1 0.7778125 0.454687 0.021874999999999978 0.03749999999999998
1 0.7825 0.7171875 0.028750000000000053 0.03281299999999998
1 0.781875 0.538672 0.022499999999999964 0.049217999999999984
1 0.8003125 0.49726549999999997 0.020625000000000004 0.03984299999999996
1 0.8025 0.444141 0.02499999999999991 0.041406
1 0.8015625 0.627344 0.020625000000000004 0.03906199999999993
1 0.803125 0.5839845 0.023749999999999938 0.042969000000000035
1 0.8053125000000001 0.5335935 0.021874999999999978 0.029686999999999908
1 0.8087500000000001 0.7292965 0.02375000000000005 0.042969000000000035
1 0.81 0.6875 0.026249999999999996 0.04843799999999998
1 0.816875 0.47734350000000003 0.03125 0.03437499999999999
1 0.825 0.439062 0.026249999999999996 0.03749999999999998
1 0.828125 0.6308590000000001 0.026250000000000107 0.0398440000000001
1 0.83 0.5363285 0.030000000000000027 0.050780999999999965
1 0.830625 0.588281 0.028749999999999942 0.051562
1 0.835 0.678125 0.028749999999999942 0.05312399999999995
1 0.8334375 0.7285155 0.018125000000000058 0.03828100000000001
1 0.84375 0.479297 0.02499999999999991 0.041406
1 0.849375 0.4347655 0.02750000000000008 0.036719
1 0.8531249999999999 0.7253905 0.02749999999999997 0.04453099999999999
1 0.8515625 0.5199214999999999 0.020624999999999893 0.03046899999999997
1 0.8534375000000001 0.633594 0.024374999999999925 0.051562
1 0.856875 0.5785155 0.028749999999999942 0.04453099999999999
1 0.86375 0.6839839999999999 0.028750000000000053 0.04140599999999994
1 0.8712500000000001 0.4792965 0.02749999999999997 0.04453099999999993
1 0.871875 0.5363279999999999 0.028749999999999942 0.06015599999999999
1 0.8753124999999999 0.4273435 0.01937500000000003 0.03437499999999999
1 0.8815625 0.7378905 0.03187499999999999 0.060157000000000016
1 0.885 0.582422 0.02499999999999991 0.04609400000000008
1 0.8890625000000001 0.6339845 0.030625000000000013 0.05703099999999994
1 0.8987499999999999 0.526953 0.036250000000000004 0.058594000000000035
1 0.899375 0.4785155 0.03125 0.05390699999999993
1 0.8987499999999999 0.4183595 0.025000000000000022 0.03828100000000001
1 0.90625 0.673047 0.028750000000000053 0.042968000000000006
1 0.9137500000000001 0.7277345 0.02749999999999997 0.042968999999999924
1 0.9153125 0.621094 0.030625000000000013 0.03749999999999998
1 0.9221874999999999 0.5722655 0.024374999999999925 0.057031000000000054
1 0.925 0.41875 0.025000000000000022 0.034374000000000016
1 0.9296875 0.4722655 0.02562500000000001 0.05859299999999995
1 0.933125 0.51875 0.02749999999999997 0.035937999999999914
1 0.93875 0.6703125 0.030000000000000027 0.04843700000000006
1 0.9393750000000001 0.554297 0.026249999999999996 0.04140599999999994
1 0.940625 0.617969 0.028749999999999942 0.03750000000000009
1 0.94 0.7246095 0.025000000000000022 0.042969000000000035
1 0.948125 0.4089845 0.030000000000000027 0.036719
1 0.9571875000000001 0.4664065 0.03187499999999999 0.05312499999999998
1 0.9606250000000001 0.6648435 0.029999999999999916 0.034375000000000044
1 0.96 0.510156 0.026249999999999996 0.03749999999999998
1 0.9646874999999999 0.621875 0.03312499999999996 0.04999999999999993
1 0.9653125 0.5636715 0.023125000000000062 0.03203099999999992
1 0.98 0.5171870000000001 0.013749999999999929 0.03749999999999998
1 0.98375 0.564453 0.013749999999999929 0.03046799999999994
1 0.989375 0.6124995 0.016250000000000098 0.034375000000000044
