1 0.2978125 0.21416649999999998 0.09812499999999999 0.138333
1 0.309375 0.4125 0.11875000000000002 0.10000000000000003
1 0.265 0.327083 0.027500000000000024 0.08750000000000002
1 0.2984375 0.13583299999999998 0.08937500000000004 0.095
1 0.3071875 0.4604165 0.09312500000000001 0.06583300000000003
1 0.3175 0.35125 0.10875000000000001 0.11583399999999999
1 0.306875 0.28458300000000003 0.04625000000000001 0.027500000000000024
1 0.36625 0.12625 0.07750000000000001 0.08583400000000001
1 0.37593750000000004 0.2704165 0.09187499999999998 0.145833
1 0.38 0.19166650000000002 0.07874999999999999 0.10666699999999998
1 0.3746875 0.3991665 0.055625000000000036 0.05666699999999997
1 0.3840625 0.4691665 0.05812500000000004 0.10666699999999996
1 0.419375 0.32875 0.07499999999999996 0.14250000000000002
1 0.42281250000000004 0.24541649999999998 0.01687500000000003 0.04083299999999998
1 0.4484375 0.3870835 0.05812499999999998 0.07416700000000004
1 0.4534375 0.25916649999999997 0.05812499999999998 0.096667
