1 0.005625 0.441839 0.01125 0.08630399999999999
1 0.00875 0.333959 0.0175 0.08255199999999996
1 0.0159375 0.8011254999999999 0.031875 0.07504699999999997
1 0.02625 0.30863050000000003 0.0525 0.07504700000000003
1 0.03 0.7049715 0.06 0.12101300000000004
1 0.035625 0.6008439999999999 0.07125 0.11163200000000006
1 0.0384375 0.8832085000000001 0.076875 0.11538499999999996
1 0.0415625 0.38883650000000003 0.083125 0.11913699999999999
1 0.0459375 0.489212 0.08187499999999999 0.11163199999999995
1 0.0246875 0.9638835 0.034375 0.070357
1 0.060625000000000005 0.781895 0.08125 0.11725999999999992
1 0.0746875 0.953565 0.078125 0.09099400000000002
1 0.08906249999999999 0.674015 0.07812499999999999 0.11726000000000003
1 0.08875 0.4948405 0.07 0.12288900000000003
1 0.1053125 0.5736395 0.085625 0.12288900000000003
1 0.111875 0.8644465 0.08125 0.11350900000000008
1 0.1284375 0.7617259999999999 0.08312500000000002 0.10694199999999998
1 0.14656249999999998 0.942777 0.08562499999999999 0.11257000000000006
1 0.14250000000000002 0.6608815 0.04250000000000001 0.09474699999999991
1 0.15625 0.8480300000000001 0.048750000000000016 0.08818000000000004
