1 0.03375 0.8424015 0.0675 0.13133300000000003
1 0.0559375 0.987805 0.033124999999999995 0.022514000000000034
1 0.18062499999999998 0.976548 0.047500000000000014 0.04502799999999996
1 0.19718750000000002 0.9118200000000001 0.07312500000000002 0.13883600000000007
1 0.2678125 0.9610695 0.039374999999999966 0.07598499999999997
1 0.301875 0.94137 0.04625000000000001 0.044090000000000074
1 0.34875 0.952158 0.06 0.065666
1 0.5453125000000001 0.946529 0.07187500000000002 0.10506599999999999
1 0.5565625000000001 0.8780485 0.02312499999999995 0.05628499999999992
1 0.6065625 0.877111 0.02562500000000001 0.022514000000000034
1 0.6690625 0.93621 0.01937499999999992 0.06941799999999998
1 0.755625 0.252814 0.15125 0.24108800000000002
1 0.7790625 0.8893059999999999 0.078125 0.14821800000000007
1 0.81625 0.9057225 0.02124999999999999 0.057223000000000024
1 0.8378125000000001 0.835366 0.024374999999999925 0.025327999999999906
1 0.8843749999999999 0.7753285000000001 0.057499999999999996 0.10412699999999997
1 0.919375 0.868668 0.04625000000000001 0.07879999999999998
