1 0.3184375 0.9125000000000001 0.139375 0.173334
1 0.316875 0.687083 0.11249999999999999 0.16749999999999998
1 0.280625 0.81125 0.030000000000000027 0.11583399999999999
1 0.361875 0.77875 0.14125 0.1775000000000001
1 0.39625 0.964167 0.065 0.07000000000000006
1 0.3771875 0.645 0.01937500000000003 0.03833399999999998
1 0.438125 0.68875 0.1325 0.19416599999999995
1 0.4503125 0.895417 0.13937500000000003 0.20750000000000002
1 0.48968749999999994 0.635 0.09687499999999999 0.15500000000000003
1 0.5331250000000001 0.7791669999999999 0.14 0.16499999999999992
1 0.51625 0.92375 0.05125000000000002 0.134166
1 0.57375 0.21416649999999998 0.11499999999999999 0.14333300000000002
1 0.5918749999999999 0.6691665 0.13249999999999995 0.15833300000000006
1 0.5484375 0.6275 0.028124999999999956 0.04500000000000004
1 0.6215625 0.7933334999999999 0.06312499999999999 0.093333
1 0.984375 0.09625 0.030000000000000027 0.08916600000000002
