1 0.038595 0.8796875 0.07719 0.03437499999999993
1 0.0641805 0.4740625 0.128361 0.16937499999999994
1 0.0689505 0.28375 0.137901 0.20125
1 0.1127495 0.923125 0.084995 0.03874999999999995
1 0.180399 0.8584375 0.07805800000000002 0.02562500000000001
1 0.2146575 0.9715625 0.113617 0.04437500000000005
1 0.2419775 0.88125 0.058976999999999974 0.03374999999999995
1 0.3785775 0.3265625 0.26279300000000005 0.27687500000000004
1 0.5156115 0.1096875 0.365135 0.219375
1 0.7385085 0.9806250000000001 0.10841299999999998 0.03749999999999998
1 0.7207285 0.894375 0.05897700000000006 0.03249999999999997
1 0.7905465 0.8625 0.06157899999999994 0.02749999999999997
1 0.849523 0.9409375 0.08065999999999995 0.034375000000000044
