1 0.005 0.160413 0.01 0.061914000000000025
1 0.01375 0.2697 0.0275 0.015947999999999962
1 0.0240625 0.22561 0.048125 0.085366
1 0.030625 0.067542 0.06125 0.135084
1 0.0315625 0.161351 0.061875 0.082552
1 0.858125 0.0619135 0.16000000000000003 0.123827
1 0.8196875 0.1472795 0.06062499999999993 0.07692299999999999
1 0.8121875000000001 0.22045 0.02937500000000004 0.06941800000000004
1 0.8415625 0.20684799999999998 0.06062499999999993 0.089118
1 0.8756250000000001 0.141651 0.05625000000000002 0.08818
1 0.8978124999999999 0.204503 0.06312499999999999 0.084428
1 0.91125 0.13977499999999998 0.05125000000000002 0.080676
