1 0.206875 0.337711 0.05499999999999999 0.08067600000000003
1 0.24125 0.160882 0.06 0.09287000000000001
1 0.28812499999999996 0.23733600000000002 0.05375000000000002 0.08255200000000001
1 0.3253125 0.20591 0.03312499999999996 0.047841999999999996
1 0.43718749999999995 0.045966 0.080625 0.091932
1 0.48 0.138837 0.05125000000000002 0.082552
1 0.5775 0.2326455 0.043749999999999956 0.07879899999999998
1 0.6646875 0.149156 0.038124999999999964 0.06566600000000002
1 0.7496875 0.1805815 0.02562500000000001 0.05909900000000001
1 0.7871875 0.207786 0.02562500000000001 0.040337999999999985
1 0.8171875 0.1261725 0.045624999999999916 0.06097499999999999
1 0.8371875 0.1768295 0.03937500000000005 0.05534699999999998
1 0.8275 0.098499 0.010000000000000009 0.00938
1 0.85875 0.11257049999999999 0.05249999999999999 0.08067499999999998
