1 0.44875 0.5215125 0.17375000000000002 0.18122500000000002
1 0.7690625 0.252282 0.07062499999999994 0.04823999999999998
1 0.8065625 0.20273750000000001 0.07687500000000003 0.06518900000000002
1 0.8109375000000001 0.2874835 0.08187500000000003 0.08735300000000001
1 0.8140625 0.354954 0.03937499999999994 0.047587999999999964
1 0.8631249999999999 0.159387 0.07874999999999999 0.08018199999999999
1 0.8443750000000001 0.223272 0.025000000000000022 0.04758800000000002
1 0.9165625 0.124837 0.08062500000000006 0.07366400000000001
1 0.9078125 0.191656 0.055625000000000036 0.070404
1 0.9821875 0.22751 0.034375000000000044 0.09256799999999998
