1 0.021875 0.4425 0.036250000000000004 0.04166599999999998
1 0.045625 0.32999999999999996 0.06125 0.08000000000000002
1 0.03875 0.4075 0.035 0.05833400000000005
1 0.056874999999999995 0.44583300000000003 0.04125 0.07500000000000001
1 0.09687499999999999 0.358333 0.041249999999999995 0.08000000000000002
1 0.096875 0.43 0.03875000000000001 0.046665999999999985
1 0.12625 0.42500000000000004 0.039999999999999994 0.07
1 0.16375 0.3966665 0.04500000000000001 0.08333299999999999
1 0.16375 0.44166649999999996 0.04500000000000001 0.05333300000000002
1 0.16625 0.3616665 0.0325 0.016666999999999987
1 0.2175 0.438333 0.04749999999999999 0.09000000000000002
1 0.23 0.3175 0.065 0.08499999999999996
1 0.254375 0.425 0.08124999999999999 0.10999999999999999
1 0.29125 0.3525 0.07250000000000001 0.11499999999999999
1 0.30874999999999997 0.3125 0.08000000000000002 0.10833400000000004
1 0.305 0.45166649999999997 0.03500000000000003 0.08333300000000005
1 0.33687500000000004 0.48 0.028749999999999998 0.026666000000000023
1 0.373125 0.42083349999999997 0.09375 0.13166700000000003
1 0.35125 0.36083299999999996 0.04249999999999998 0.034999999999999976
1 0.39125 0.3325 0.06 0.061666
1 0.438125 0.3741665 0.07124999999999998 0.088333
1 0.446875 0.21666649999999998 0.08124999999999999 0.11333299999999999
1 0.435 0.3058335 0.04500000000000004 0.06833300000000003
1 0.451875 0.43 0.06875000000000003 0.09666600000000003
1 0.479375 0.4675 0.07125000000000004 0.09500000000000003
1 0.47750000000000004 0.2875 0.05250000000000005 0.098334
1 0.46499999999999997 0.3416665 0.02250000000000002 0.023332999999999993
1 0.490625 0.38 0.03875000000000001 0.056665999999999994
1 0.518125 0.43833350000000004 0.06625000000000003 0.10666700000000001
1 0.5293749999999999 0.300833 0.08875 0.12500000000000003
1 0.549375 0.4091665 0.09124999999999994 0.10833300000000001
1 0.576875 0.3283335 0.05874999999999997 0.07333299999999998
1 0.58125 0.2791665 0.032500000000000084 0.05166700000000002
1 0.630625 0.3558335 0.09125000000000005 0.12833299999999997
1 0.6825 0.3466665 0.030000000000000027 0.07333299999999998
1 0.7324999999999999 0.364167 0.08999999999999997 0.125
1 0.796875 0.44 0.06374999999999997 0.05333399999999999
1 0.80125 0.3866665 0.07250000000000001 0.12333299999999997
1 0.864375 0.3766665 0.08624999999999994 0.12333299999999997
1 0.865 0.28 0.08499999999999996 0.09666599999999997
1 0.9425 0.406667 0.10250000000000004 0.13
