1 0.236867 0.2728125 0.17167 0.114375
1 0.2701685 0.450625 0.161351 0.11124999999999996
1 0.347561 0.2565625 0.16604200000000002 0.12312499999999998
1 0.3663225 0.369375 0.164165 0.13624999999999998
1 0.430582 0.47875 0.15384599999999998 0.08874999999999994
1 0.4310505 0.20625 0.14352699999999996 0.0875
1 0.5164165 0.4015625 0.19230699999999995 0.14687499999999998
1 0.508912 0.2925 0.17167000000000004 0.11250000000000002
1 0.573171 0.2521875 0.196998 0.131875
1 0.622889 0.19 0.17448399999999997 0.11625000000000002
1 0.662758 0.36250000000000004 0.17729800000000007 0.11249999999999999
1 0.6885555 0.43343750000000003 0.16135100000000002 0.09062500000000001
1 0.7204505 0.30093749999999997 0.15947500000000003 0.09562500000000002
1 0.6988745000000001 0.22843750000000002 0.05440900000000004 0.053125000000000006
1 0.7983115000000001 0.19937500000000002 0.202627 0.12125
1 0.795966 0.4059375 0.10975600000000008 0.12437500000000001
