1 0.010625 0.26981849999999996 0.02125 0.11556899999999998
1 0.0125 0.4016235 0.025 0.117479
1 0.014375 0.7368669999999999 0.02875 0.11747800000000008
1 0.0190625 0.5281755 0.038125 0.131805
1 0.2834375 0.0501435 0.08062499999999997 0.100287
1 0.33499999999999996 0.0936005 0.08500000000000002 0.131805
1 0.353125 0.013849 0.04624999999999996 0.027698
1 0.4534375 0.29751649999999996 0.02937500000000004 0.033428999999999987
1 0.4534375 0.334766 0.021874999999999978 0.037250000000000005
1 0.5803125 0.2335245 0.02937499999999993 0.05444100000000002
1 0.6003125 0.209169 0.02562500000000001 0.053486000000000006
1 0.6046875 0.2612225 0.026874999999999982 0.04680100000000001
