1 0.139485 0.7864285 0.24463600000000002 0.252857
1 0.2414165 0.5742855 0.302575 0.24857100000000004
1 0.363734 0.9221425 0.35407799999999995 0.15285700000000002
1 0.3669525 0.7442854999999999 0.31759699999999996 0.231429
1 0.334764 0.4364285 0.240344 0.21285700000000002
1 0.46137300000000003 0.1064285 0.270386 0.207143
1 0.4259655 0.5964285 0.135193 0.13571500000000003
1 0.5343344999999999 0.4585715 0.317597 0.24285699999999993
1 0.581545 0.304286 0.26180200000000003 0.154286
1 0.666309 0.715 0.354078 0.29571400000000003
1 0.686695 0.902857 0.330472 0.19142799999999993
1 0.66309 0.51 0.214592 0.16571399999999997
1 0.8766095 0.8428575 0.24248900000000007 0.21714299999999997
