1 0.0084375 0.9212009999999999 0.016875 0.06941800000000009
1 0.0528125 0.9291745 0.079375 0.11913700000000005
1 0.06875 0.74015 0.039999999999999994 0.065666
1 0.1375 0.9423079999999999 0.04124999999999998 0.06472800000000001
1 0.16749999999999998 0.9085365 0.08125000000000002 0.12476500000000001
1 0.2021875 0.772045 0.03687499999999999 0.060038000000000036
1 0.221875 0.261257 0.0625 0.09662200000000001
1 0.22781250000000003 0.9272985 0.07312500000000002 0.11913700000000005
1 0.270625 0.9319885 0.04625000000000001 0.10225100000000009
1 0.3315625 0.913227 0.080625 0.12288999999999994
1 0.3053125 0.956379 0.023125000000000007 0.040337999999999985
1 0.33062499999999995 0.4179175 0.065 0.098499
1 0.37375 0.898218 0.00874999999999998 0.02345200000000003
1 0.4078125 0.8846155 0.06937500000000002 0.046904999999999974
1 0.5075 0.4957785 0.10374999999999995 0.13414700000000002
1 0.571875 0.914165 0.06125000000000003 0.11350799999999994
1 0.6034375000000001 0.9516884999999999 0.024374999999999925 0.030957000000000012
1 0.680625 0.75 0.036250000000000004 0.0647279999999999
1 0.70875 0.8855535000000001 0.06624999999999992 0.136961
1 0.7684375 0.8963415 0.06062499999999993 0.126641
