1 0.030625 0.086754 0.06125 0.16977599999999998
1 0.086875 0.22667900000000002 0.12125 0.17723800000000003
1 0.0525 0.0027985 0.0475 0.005597
1 0.11124999999999999 0.0886195 0.1325 0.177239
1 0.12625 0.4001865 0.11 0.17723900000000004
1 0.17375 0.2686565 0.14250000000000002 0.212687
1 0.133125 0.5625 0.03874999999999999 0.16604400000000002
1 0.20625 0.40485099999999996 0.0975 0.12686599999999998
1 0.201875 0.0251865 0.08625 0.050373
1 0.22437500000000002 0.12313450000000001 0.11125000000000002 0.190299
1 0.238125 0.0363805 0.13374999999999998 0.072761
1 0.24312499999999998 0.31996250000000004 0.04124999999999998 0.04291099999999998
1 0.39875 0.2994405 0.03500000000000003 0.06156700000000004
