1 0.091406 0.4395835 0.07968800000000001 0.12083300000000002
1 0.08515600000000001 0.503125 0.039062 0.031250000000000056
1 0.11562499999999999 0.3489585 0.024999999999999994 0.04791699999999999
1 0.2171875 0.1010415 0.212501 0.202083
1 0.165625 0.322917 0.096874 0.11249999999999999
1 0.1390625 0.33229149999999996 0.024998999999999993 0.035416999999999976
1 0.14140599999999998 0.3854165 0.026562000000000002 0.04583300000000001
1 0.18359399999999998 0.421875 0.07968800000000001 0.09375
1 0.15625 0.3520835 0.021874000000000005 0.04166700000000001
1 0.233594 0.5333335 0.03593799999999997 0.03333300000000006
1 0.24531250000000002 0.145833 0.05937500000000001 0.08750000000000001
1 0.246875 0.473958 0.03125 0.04375000000000001
1 0.25 0.22812500000000002 0.03437599999999999 0.064584
1 0.267188 0.5125 0.03125 0.041665999999999925
1 0.27265649999999997 0.404167 0.039063000000000014 0.0625
1 0.2796875 0.21770799999999998 0.05312500000000003 0.08124999999999999
1 0.28437500000000004 0.475 0.040625999999999995 0.041666000000000036
1 0.2984375 0.1572915 0.05937500000000001 0.07708300000000001
1 0.33515649999999997 0.40312499999999996 0.02031299999999997 0.04375000000000001
1 0.3375 0.5239585 0.024999999999999967 0.022917000000000076
1 0.380469 0.3458335 0.09843800000000003 0.13333299999999998
1 0.3570315 0.54375 0.020313000000000025 0.04583400000000004
1 0.35859399999999997 0.4354165 0.017188000000000037 0.04166700000000001
1 0.3742185 0.49687499999999996 0.02968700000000002 0.047916000000000014
1 0.375 0.422917 0.028124000000000038 0.04999999999999999
1 0.390625 0.5406249999999999 0.021876000000000007 0.04791599999999996
1 0.404687 0.440625 0.03125 0.035416
1 0.4164065 0.546875 0.03281299999999998 0.05624999999999991
1 0.4476565 0.365625 0.06093700000000002 0.10208400000000001
1 0.434375 0.5072915 0.03125 0.052082999999999935
1 0.45625000000000004 0.459375 0.04375000000000001 0.047916000000000014
1 0.4515625 0.4239585 0.018751000000000018 0.02291700000000002
1 0.464844 0.40625 0.010938000000000003 0.025000000000000022
1 0.47187500000000004 0.535417 0.01874999999999999 0.03749999999999998
1 0.4765625 0.40729150000000003 0.018750999999999962 0.010416999999999954
1 0.49375 0.513542 0.03125 0.031250000000000056
1 0.5140629999999999 0.365625 0.05625000000000002 0.07291600000000004
1 0.497656 0.415625 0.020312000000000052 0.022915999999999992
1 0.5109375 0.4114585 0.015625 0.022916999999999965
1 0.528125 0.4145835 0.018749999999999933 0.02083299999999999
1 0.5421875 0.5354165 0.04062500000000002 0.05833299999999997
1 0.544531 0.5739585 0.02343800000000007 0.03541700000000003
1 0.557031 0.546875 0.020311999999999997 0.018750000000000044
1 0.580469 0.5166665 0.03906199999999993 0.041666999999999954
1 0.566406 0.548958 0.007812000000000041 0.03125
1 0.600781 0.40312499999999996 0.073438 0.11041600000000001
1 0.5828125 0.5541665 0.021874999999999978 0.016666999999999987
1 0.584375 0.453125 0.012499999999999956 0.018750000000000044
1 0.591406 0.46041699999999997 0.01718799999999998 0.024999999999999967
1 0.6085940000000001 0.465625 0.02343799999999996 0.035416
1 0.636719 0.5385415 0.026561999999999975 0.04791699999999999
1 0.6507815 0.503125 0.03906300000000007 0.035416
1 0.6703125 0.4083335 0.046875 0.07083299999999998
1 0.677344 0.540625 0.04531199999999991 0.11874999999999997
1 0.6734375 0.4625 0.02500100000000005 0.02916599999999997
1 0.698437 0.4375 0.050000000000000044 0.07916599999999996
1 0.9046875 0.4625 0.02500100000000005 0.04999999999999999
1 0.9359375 0.45729149999999996 0.059374999999999956 0.08958299999999997
1 0.980469 0.375 0.035938000000000025 0.066666
1 0.9914065000000001 0.3302085 0.014063000000000048 0.035416999999999976
