1 0.0228125 0.1505625 0.025624999999999995 0.030956999999999985
1 0.0303125 0.1289865 0.023125000000000003 0.032833
1 0.0496875 0.1477485 0.035625000000000004 0.036585000000000006
1 0.0709375 0.1655725 0.031874999999999994 0.036585000000000006
1 0.0790625 0.0895875 0.016875 0.029080999999999996
1 0.090625 0.204972 0.0325 0.04408999999999999
1 0.110625 0.2987805 0.053750000000000006 0.051595
1 0.1240625 0.068011 0.02687500000000001 0.025327999999999996
1 0.12843749999999998 0.09521550000000001 0.028124999999999983 0.03658499999999999
1 0.1384375 0.12711050000000002 0.028124999999999997 0.034709000000000004
1 0.1625 0.2922135 0.04999999999999999 0.05347099999999999
1 0.18156250000000002 0.5065665 0.08562499999999998 0.09756100000000001
1 0.17375000000000002 0.30394 0.05000000000000002 0.05816199999999999
1 0.16125 0.1496245 0.013749999999999984 0.03470899999999999
1 0.1771875 0.12617250000000002 0.02812500000000001 0.036585000000000006
1 0.1790625 0.1608815 0.031875000000000014 0.036585000000000006
1 0.21375 0.129925 0.020000000000000018 0.03470999999999999
1 0.240625 0.338649 0.04999999999999999 0.06191399999999997
1 0.2303125 0.1252345 0.023125000000000007 0.032833
1 0.265 0.2471855 0.04999999999999999 0.051594999999999974
1 0.2678125 0.0783305 0.02562500000000001 0.034709000000000004
1 0.35843749999999996 0.5933394999999999 0.09812499999999996 0.11163299999999998
1 0.3615625 0.3222325 0.06187500000000001 0.060975
1 0.365625 0.28095650000000005 0.05624999999999997 0.051595
1 0.369375 0.1364915 0.03500000000000003 0.036585000000000006
1 0.3609375 0.0614445 0.015625 0.025328999999999997
1 0.3784375 0.0473735 0.021875000000000033 0.030957000000000005
1 0.37906249999999997 0.1013135 0.023125000000000007 0.026267
1 0.37375 0.0712945 0.009999999999999953 0.024390999999999996
1 0.3853125 0.1421205 0.02562500000000001 0.032833
1 0.393125 0.085835 0.01749999999999996 0.027203999999999992
1 0.4028125 0.1308635 0.026874999999999982 0.032833
1 0.4621875 0.6318010000000001 0.09812499999999996 0.11538400000000004
1 0.4353125 0.1364915 0.023125000000000007 0.03283299999999999
1 0.4634375 0.1665105 0.03562500000000002 0.03470899999999999
1 0.4609375 0.1289865 0.02312499999999995 0.032833
1 0.4821875 0.2584425 0.03562500000000002 0.05347099999999999
1 0.475 0.06941800000000001 0.014999999999999958 0.020638000000000004
1 0.48843749999999997 0.090056 0.01687500000000003 0.018762
1 0.5015625 0.1041275 0.019374999999999976 0.024390999999999996
1 0.5359375 0.204972 0.028125000000000067 0.042214
1 0.556875 0.2748595 0.05249999999999999 0.06003699999999998
1 0.556875 0.237805 0.040000000000000036 0.042213999999999974
1 0.5515625 0.131801 0.021874999999999978 0.04221399999999999
1 0.5571875 0.194653 0.02937500000000004 0.03658600000000001
1 0.5665625 0.25656650000000003 0.038124999999999964 0.04596700000000001
1 0.5890625 0.2134145 0.03937500000000005 0.047843
1 0.6084375 0.11210149999999999 0.030625000000000013 0.030957
1 0.6246875000000001 0.28939950000000003 0.024374999999999925 0.05722299999999997
1 0.6525 0.3827395 0.06374999999999997 0.07692300000000002
1 0.6609375 0.2875235 0.06312499999999999 0.06848100000000001
1 0.6825 0.318949 0.06000000000000005 0.06379000000000001
1 0.684375 0.227955 0.04125000000000001 0.046904
1 0.6993750000000001 0.379925 0.05500000000000005 0.06754199999999999
1 0.6996875 0.149625 0.026874999999999982 0.04033800000000001
1 0.728125 0.2833025 0.07125000000000004 0.07692299999999999
1 0.754375 0.5375235 0.10875000000000001 0.136961
1 0.7203125 0.131801 0.024375000000000036 0.038461999999999996
1 0.7509375 0.200281 0.030625000000000013 0.04408999999999999
1 0.7671874999999999 0.153846 0.04062500000000002 0.046904
1 0.7765625 0.198405 0.02562500000000001 0.040337999999999985
1 0.7971874999999999 0.162758 0.01937500000000003 0.04033800000000001
1 0.8409375 0.340525 0.06437500000000007 0.065666
1 0.8215625 0.11210149999999999 0.024375000000000036 0.03283299999999999
1 0.856875 0.5605065 0.09124999999999994 0.10600300000000007
1 0.8734375000000001 0.7443715 0.12437500000000001 0.126641
1 0.8384375 0.17026249999999998 0.0368750000000001 0.05534700000000001
1 0.8371875 0.0914635 0.024375000000000036 0.038460999999999995
1 0.8915625 0.5248595 0.083125 0.09662299999999996
1 0.8690625000000001 0.15572249999999999 0.03312499999999996 0.04878099999999999
1 0.8903125000000001 0.140244 0.024374999999999925 0.03658600000000001
1 0.909375 0.184334 0.05500000000000005 0.051594
1 0.915 0.2950285 0.05625000000000002 0.05534699999999998
1 0.9299999999999999 0.336773 0.057499999999999996 0.065666
1 0.9190625 0.1538465 0.028124999999999956 0.03189500000000001
1 0.9228125 0.1242965 0.026874999999999982 0.034709000000000004
1 0.9278124999999999 0.08771100000000001 0.024374999999999925 0.030955999999999997
1 0.9612499999999999 0.8198875 0.07625000000000004 0.14446500000000007
1 0.9384375 0.1064725 0.02937500000000004 0.029080999999999996
1 0.953125 0.2682925 0.05249999999999999 0.06003699999999998
1 0.9490624999999999 0.1529085 0.03187499999999999 0.033770999999999995
1 0.9575 0.0924015 0.02749999999999997 0.036585000000000006
1 0.9715625 0.25562850000000004 0.04562500000000003 0.045967000000000036
1 0.989375 0.2490615 0.020000000000000018 0.05534700000000001
1 0.9896875 0.11397750000000001 0.01937500000000003 0.032833000000000015
1 0.9940625000000001 0.096623 0.010624999999999996 0.024389999999999995
