0 0.0125 0.625706 0.01375 0.01977399999999996
0 0.0721875 0.3997175 0.010624999999999996 0.016006999999999993
0 0.1540625 0.586158 0.028124999999999983 0.025424000000000002
0 0.3659375 0.376177 0.03437499999999999 0.049906000000000006
0 0.4578125 0.337571 0.08437499999999998 0.12335200000000002
0 0.474375 0.158663 0.012500000000000011 0.014123999999999998
0 0.49093749999999997 0.629473 0.02312499999999995 0.01977400000000007
0 0.5225 0.5734465 0.04500000000000004 0.04708100000000004
0 0.5590625 0.311205 0.030625000000000013 0.03860600000000003
0 0.605 0.558851 0.04625000000000001 0.04802200000000001
0 0.6059375 0.166196 0.01937500000000003 0.016007999999999994
0 0.7653125000000001 0.32250500000000004 0.038125000000000075 0.053672
0 0.884375 0.7829565 0.16375000000000006 0.19491500000000006
0 0.9803124999999999 0.29708100000000004 0.03312499999999996 0.04237200000000002
