1 0.203125 0.162758 0.04375000000000001 0.04408999999999999
1 0.329375 0.44606 0.023749999999999993 0.047841999999999996
1 0.3484375 0.45825550000000004 0.03687499999999999 0.05722299999999997
1 0.4590625 0.099437 0.16562500000000002 0.198874
1 0.6012500000000001 0.0689495 0.14 0.137899
1 0.9225 0.0684805 0.09749999999999992 0.135085
1 0.928125 0.20966249999999997 0.09375 0.12476499999999999
1 0.9684375000000001 0.0267355 0.06187500000000001 0.053471
1 0.9750000000000001 0.1346155 0.04874999999999996 0.124765
1 0.984375 0.06848 0.030000000000000027 0.10694200000000001
1 0.9871875 0.22138850000000002 0.024375000000000036 0.10506500000000002
1 0.9946875 0.45684800000000003 0.009375000000000022 0.06003799999999998
