1 0.24281250000000001 0.822702 0.179375 0.21951200000000004
1 0.373125 0.19324550000000001 0.05249999999999999 0.07317100000000001
1 0.4428125 0.447936 0.08187500000000003 0.12476599999999999
1 0.4984375 0.749531 0.12937499999999996 0.168856
1 0.4740625 0.6045965 0.07062500000000005 0.11913700000000005
1 0.4515625 0.5351779999999999 0.018125000000000002 0.042214000000000085
1 0.556875 0.599437 0.09000000000000008 0.1707320000000001
1 0.7034374999999999 0.7579735000000001 0.11187500000000006 0.18574100000000004
1 0.705625 0.6285175000000001 0.05874999999999997 0.07692299999999996
1 0.7578125 0.6543155 0.08437500000000009 0.11726099999999995
