1 0.0128125 0.368668 0.025625 0.061914000000000025
1 0.029375 0.42542199999999997 0.05875 0.059099999999999986
1 0.0325 0.5196995 0.065 0.15947499999999998
1 0.03 0.289869 0.037500000000000006 0.08442800000000003
1 0.0465625 0.393527 0.07062500000000001 0.06472800000000001
1 0.09406250000000001 0.24061950000000001 0.139375 0.248593
1 0.0434375 0.33958750000000004 0.035625000000000004 0.07692300000000002
1 0.08625000000000001 0.098499 0.0575 0.067542
1 0.09281249999999999 0.467636 0.06812499999999999 0.04408999999999996
1 0.0984375 0.3944655 0.05937499999999998 0.09474699999999997
1 0.09625 0.5952154999999999 0.05 0.098499
1 0.1125 0.4526265 0.05374999999999999 0.11726099999999995
1 0.12156249999999999 0.324578 0.061875 0.157598
1 0.11875 0.11772949999999999 0.051250000000000004 0.05159499999999999
1 0.143125 0.088649 0.04625000000000001 0.040338
1 0.199375 0.47045000000000003 0.15375 0.17542200000000002
1 0.16 0.1289865 0.05375000000000002 0.032833
1 0.166875 0.2101315 0.0625 0.155723
1 0.20625 0.079737 0.09999999999999998 0.084428
1 0.1696875 0.4380865 0.021875000000000006 0.07317099999999999
1 0.2015625 0.574109 0.078125 0.21763599999999994
1 0.2065625 0.4498125 0.085625 0.09662300000000001
1 0.209375 0.3644465 0.0625 0.09099499999999999
1 0.214375 0.184803 0.07 0.181988
1 0.2528125 0.5933395 0.09312500000000001 0.25234500000000004
1 0.246875 0.3644465 0.04125000000000001 0.11350899999999997
1 0.2503125 0.14352700000000002 0.03937500000000002 0.080676
1 0.2790625 0.2668855 0.07437499999999997 0.19043100000000002
1 0.2790625 0.10741049999999999 0.06687499999999999 0.117261
1 0.3125 0.763602 0.10499999999999998 0.12758000000000003
1 0.295625 0.5811445 0.06124999999999997 0.12288899999999991
1 0.3325 0.07833 0.09875 0.106004
1 0.3346875 0.291276 0.07312500000000005 0.194184
1 0.346875 0.48780500000000004 0.09750000000000003 0.150094
1 0.340625 0.1552535 0.05874999999999997 0.10225100000000001
1 0.3571875 0.5731705 0.06937499999999996 0.07879899999999995
1 0.3590625 0.449343 0.06312499999999999 0.17260799999999998
1 0.3721875 0.6374295000000001 0.06937499999999996 0.03846099999999997
1 0.3846875 0.1730765 0.078125 0.11913699999999999
1 0.4109375 0.291276 0.08187500000000003 0.19793599999999997
1 0.4184375 0.7082550000000001 0.09437499999999999 0.09193200000000001
1 0.39937500000000004 0.6130395 0.05375000000000002 0.09662300000000001
1 0.40125 0.4690435 0.05499999999999999 0.14446499999999995
1 0.40531249999999996 0.4732645 0.060624999999999984 0.13977499999999998
1 0.41875 0.1533775 0.05125000000000002 0.098499
1 0.4425 0.6158539999999999 0.05499999999999999 0.06285200000000002
1 0.4659375 0.17260799999999998 0.07437500000000002 0.090056
1 0.46718750000000003 0.5755155000000001 0.07187500000000002 0.098499
1 0.4584375 0.390713 0.04062500000000002 0.17354600000000003
1 0.48531250000000004 0.248124 0.08937500000000004 0.13414600000000002
1 0.505 0.7223265 0.09874999999999995 0.17260699999999995
1 0.515625 0.403377 0.09375 0.21763599999999994
1 0.5328125 0.577861 0.07187499999999997 0.08442800000000006
1 0.5390625 0.47420300000000004 0.07687500000000003 0.10600400000000004
1 0.5653125 0.37429650000000003 0.06812499999999999 0.20637900000000003
1 0.5671875 0.2223265 0.06937500000000008 0.10506500000000002
1 0.5809375 0.640244 0.06812499999999999 0.10975599999999996
1 0.6018749999999999 0.5384614999999999 0.06874999999999998 0.138837
1 0.625 0.43058149999999995 0.11250000000000004 0.23264499999999994
1 0.604375 0.257036 0.05875000000000008 0.06754199999999999
1 0.6396875 0.32223250000000003 0.12187500000000007 0.11913699999999999
1 0.615 0.2335835 0.04875000000000007 0.071295
1 0.7340625000000001 0.4732645 0.13187500000000008 0.28611699999999995
1 0.7025 0.6163225 0.06624999999999992 0.165103
1 0.700625 0.30863050000000003 0.05124999999999991 0.08442699999999997
1 0.75625 0.32035650000000004 0.09624999999999995 0.107879
1 0.7734375 0.5164165000000001 0.12937500000000002 0.28799300000000005
1 0.8143750000000001 0.270169 0.10249999999999992 0.08067599999999997
1 0.828125 0.3644465 0.09125000000000005 0.13414700000000002
1 0.8325 0.4057225 0.03500000000000003 0.047843000000000024
1 0.8928125 0.49343349999999997 0.11687500000000006 0.20637900000000003
1 0.909375 0.37335850000000004 0.14249999999999996 0.14258900000000002
1 0.8959375 0.2898685 0.083125 0.06941899999999995
1 0.9315625000000001 0.6050655 0.12312500000000004 0.09380900000000003
1 0.965625 0.350844 0.0675 0.12945600000000002
1 0.9846874999999999 0.5 0.02937500000000004 0.17636000000000002
