1 0.026875 0.8010805 0.05375 0.12671900000000003
1 0.088125 0.810413 0.1 0.14145400000000008
1 0.238125 0.8035365 0.08000000000000002 0.13163100000000005
1 0.330625 0.805501 0.09999999999999998 0.13949
1 0.5918749999999999 0.7215130000000001 0.09999999999999998 0.12475399999999992
1 0.67625 0.81778 0.053749999999999964 0.10707199999999994
1 0.7084375 0.6340865 0.07437499999999997 0.10707299999999997
1 0.7134375 0.7391945 0.08437499999999998 0.12671900000000003
1 0.7303125 0.8285855 0.07687500000000003 0.09332099999999999
1 0.7759375 0.7333005 0.07687499999999992 0.13064900000000002
1 0.7878125 0.8330059999999999 0.059374999999999956 0.08055000000000001
1 0.9609375 0.8158155 0.07687500000000003 0.114931
1 0.96 0.704813 0.0675 0.12278999999999995
1 0.9459375 0.7622789999999999 0.016874999999999973 0.03143400000000007
1 0.9696875 0.6532415 0.05937500000000007 0.14931300000000003
1 0.9909375 0.7961689999999999 0.016874999999999973 0.11296600000000001
