1 0.0525 0.4002505 0.105 0.30968300000000004
1 0.1325 0.1665275 0.0875 0.14941500000000002
1 0.1709375 0.1423205 0.05437500000000001 0.139399
1 0.16875 0.287145 0.024999999999999994 0.043406
1 0.1853125 0.3000835 0.019375000000000003 0.034223
1 0.18937500000000002 0.2666945 0.027499999999999997 0.042571000000000025
1 0.21812499999999999 0.15901500000000002 0.08124999999999999 0.14774600000000002
1 0.2565625 0.3276295 0.016875 0.024207000000000034
1 0.26156250000000003 0.29841399999999996 0.019374999999999976 0.03422399999999998
1 0.271875 0.274207 0.02250000000000002 0.030883999999999967
1 0.4565625 0.32929850000000005 0.011875000000000024 0.030884999999999996
1 0.46968750000000004 0.328464 0.019374999999999976 0.029215999999999964
1 0.4759375 0.34515850000000003 0.016874999999999973 0.030884999999999996
