1 0.006875 0.35994400000000004 0.01375 0.10177399999999998
1 0.2546875 0.45845 0.043125 0.07656400000000002
1 0.2971875 0.4253035 0.02562500000000001 0.04014899999999999
1 0.316875 0.211951 0.04749999999999999 0.076564
1 0.31999999999999995 0.650327 0.03375 0.03081200000000006
1 0.3296875 0.6069095 0.009374999999999967 0.024276999999999993
1 0.3921875 0.483193 0.02437499999999998 0.03828199999999993
1 0.3921875 0.6942109999999999 0.02437499999999998 0.03828200000000004
1 0.39437500000000003 0.7212890000000001 0.019999999999999962 0.03828200000000004
1 0.4528125 0.626984 0.026874999999999982 0.045752000000000015
1 0.46781249999999996 0.6465920000000001 0.026875000000000038 0.04948600000000003
1 0.4809375 0.531746 0.029374999999999984 0.045751999999999904
1 0.5003125 0.5821665 0.026875000000000038 0.04014899999999999
1 0.5743750000000001 0.1797385 0.14 0.24556499999999998
1 0.5621875 0.6699345 0.02562500000000001 0.04014899999999999
1 0.571875 0.5887020000000001 0.02124999999999999 0.03828200000000004
1 0.7490625 0.611578 0.02312499999999995 0.013072000000000084
1 0.7509375 0.6344535 0.026874999999999982 0.055088999999999944
1 0.7903125 0.506069 0.03562500000000002 0.06536000000000003
1 0.9293750000000001 0.0270775 0.09625000000000006 0.054155
1 0.93625 0.3930905 0.05625000000000002 0.07282900000000003
