1 0.186176 0.3565625 0.12708999999999998 0.078125
1 0.26978800000000003 0.2796875 0.12486000000000003 0.075625
1 0.3037905 0.3615625 0.13712300000000002 0.07187500000000002
1 0.2792645 0.3259375 0.07692300000000002 0.020625000000000004
1 0.3037905 0.409375 0.08807100000000001 0.03749999999999998
1 0.3244145 0.48125 0.08249700000000004 0.06500000000000006
1 0.3444815 0.2559375 0.073579 0.020624999999999977
1 0.3829435 0.301875 0.13043499999999997 0.07874999999999999
1 0.408584 0.4128125 0.15273199999999998 0.078125
1 0.406912 0.481875 0.142698 0.06999999999999995
1 0.3628765 0.341875 0.012263000000000024 0.015000000000000013
1 0.4347825 0.37093750000000003 0.124861 0.05312500000000003
1 0.426979 0.2371875 0.091416 0.05812499999999998
1 0.495541 0.5271875 0.13712400000000002 0.08187499999999998
1 0.4620955 0.285625 0.06354499999999996 0.04999999999999999
1 0.51505 0.33687500000000004 0.14046800000000004 0.08749999999999997
1 0.5167225 0.2559375 0.11928700000000003 0.081875
1 0.5306575 0.1928125 0.12486099999999994 0.06312499999999999
1 0.5501675 0.411875 0.15496099999999996 0.07874999999999999
1 0.5958755 0.5725 0.13043500000000008 0.08000000000000007
1 0.5763655 0.2659375 0.06688899999999998 0.07562500000000003
1 0.624861 0.27468750000000003 0.12151599999999996 0.05812500000000001
1 0.652174 0.32906250000000004 0.14046800000000004 0.09187499999999998
1 0.6493865000000001 0.4009375 0.128205 0.06437499999999996
1 0.6566335000000001 0.541875 0.10702299999999998 0.06374999999999997
1 0.6688965 0.23281249999999998 0.10702300000000009 0.03562499999999999
1 0.7346710000000001 0.4446875 0.12709000000000004 0.03937499999999999
1 0.734671 0.34125 0.11594199999999999 0.05500000000000005
1 0.750279 0.2778125 0.14046800000000004 0.085625
1 0.7285395 0.4753125 0.07246299999999994 0.025624999999999953
1 0.755853 0.500625 0.11594199999999999 0.07
1 0.7787065 0.3925 0.14381299999999997 0.07874999999999999
1 0.827759 0.364375 0.09475999999999996 0.06
