1 0.31029450000000003 0.4370115 0.18235300000000002 0.11230499999999999
1 0.317647 0.6000975 0.185294 0.12792900000000007
1 0.3830885 0.47998050000000003 0.19852899999999996 0.13964899999999997
1 0.389706 0.30859349999999997 0.17941200000000002 0.15429699999999996
1 0.40367600000000003 0.36328099999999997 0.175 0.07617199999999996
1 0.41911750000000003 0.1811525 0.158823 0.124023
1 0.491912 0.08251950000000001 0.19558799999999993 0.141601
1 0.48308799999999996 0.4589845 0.145588 0.119141
1 0.5169115 0.6503905 0.17794100000000002 0.08593699999999993
1 0.540441 0.5751955 0.21911800000000003 0.15039100000000005
1 0.536029 0.268066 0.16029399999999994 0.11816399999999999
1 0.5125 0.1679685 0.060294000000000014 0.046875
1 0.611765 0.3847655 0.1794119999999999 0.11328100000000002
1 0.611765 0.13623 0.17058799999999996 0.131836
1 0.6323529999999999 0.46191400000000005 0.20000000000000007 0.134766
1 0.640441 0.34082 0.14852999999999994 0.07617200000000002
1 0.685294 0.2670895 0.13823600000000003 0.09863300000000003
1 0.7132354999999999 0.61084 0.19117700000000004 0.13183599999999995
1 0.6941174999999999 0.523926 0.108823 0.07324200000000003
1 0.734559 0.544922 0.17499999999999993 0.09765600000000002
1 0.7433825000000001 0.4282225 0.08382300000000009 0.08105499999999999
