1 0.2728125 0.1616665 0.019374999999999976 0.063333
1 0.2896875 0.1616665 0.03687499999999999 0.058889
1 0.2896875 0.5072220000000001 0.026874999999999982 0.05444400000000005
1 0.291875 0.2505555 0.03125 0.045554999999999984
1 0.2946875 0.216111 0.02812500000000001 0.063334
1 0.3034375 0.48777800000000004 0.04062499999999997 0.062222000000000055
1 0.30843750000000003 0.1466665 0.023125000000000007 0.071111
1 0.315625 0.2694445 0.03500000000000003 0.047777000000000014
1 0.31625 0.5455555000000001 0.036250000000000004 0.07333299999999998
1 0.316875 0.2183335 0.03250000000000003 0.063333
1 0.3071875 0.717778 0.011874999999999969 0.022221999999999964
1 0.3246875 0.152222 0.03687499999999999 0.077778
1 0.31625000000000003 0.3994445 0.014999999999999958 0.04111100000000001
1 0.3271875 0.457222 0.03687499999999999 0.05444399999999999
1 0.316875 0.4366665 0.013749999999999984 0.031111
1 0.31875 0.342778 0.014999999999999958 0.027778000000000025
1 0.3221875 0.3694445 0.021874999999999978 0.04555500000000001
1 0.3234375 0.3216665 0.01937500000000003 0.04111100000000001
1 0.336875 0.5061115 0.04125000000000001 0.061111000000000026
1 0.3371875 0.30277750000000003 0.029374999999999984 0.06111099999999997
1 0.3390625 0.4027775 0.030625000000000013 0.05666700000000002
1 0.34843749999999996 0.353889 0.033125000000000016 0.04999999999999999
1 0.3465625 0.24888900000000003 0.026874999999999982 0.06222200000000003
1 0.35468750000000004 0.5438890000000001 0.023125000000000007 0.04555600000000004
1 0.3590625 0.4511115 0.02937500000000004 0.07111100000000004
1 0.36531250000000004 0.3005555 0.02437499999999998 0.06111099999999997
1 0.3665625 0.2216665 0.026874999999999982 0.056666999999999995
1 0.369375 0.3872225 0.03249999999999997 0.05666699999999997
1 0.3728125 0.5883335000000001 0.02562500000000001 0.061111000000000026
1 0.3778125 0.3405555 0.03562500000000002 0.05888899999999997
1 0.37593750000000004 0.531111 0.029374999999999984 0.05777800000000011
1 0.37968749999999996 0.2672225 0.02437499999999998 0.056666999999999995
1 0.3834375 0.427222 0.03187499999999999 0.04999999999999999
1 0.3834375 0.475 0.029374999999999984 0.03222200000000003
1 0.38531249999999995 0.3138885 0.018125000000000002 0.02111099999999999
1 0.3965625 0.602778 0.026874999999999982 0.02777799999999997
1 0.3996875 0.381667 0.030624999999999958 0.04999999999999999
1 0.4003125 0.5116665 0.03187499999999999 0.054444999999999966
1 0.40218750000000003 0.302778 0.02812500000000001 0.03444400000000003
1 0.3996875 0.558333 0.02062499999999995 0.05222199999999999
1 0.4071875 0.341667 0.02562500000000001 0.05222199999999999
1 0.416875 0.406111 0.03500000000000003 0.056665999999999994
1 0.4159375 0.4572225 0.030625000000000013 0.06333300000000003
1 0.42593749999999997 0.5894444999999999 0.026875000000000038 0.04111100000000001
1 0.4271875 0.5016665 0.024375000000000036 0.05666700000000002
1 0.4309375 0.5494445 0.03187500000000004 0.043333000000000066
1 0.4290625 0.7472224999999999 0.026874999999999982 0.04111100000000001
1 0.4340625 0.44222249999999996 0.02812500000000001 0.048889000000000016
