1 0.0221875 0.44375 0.044375 0.08416600000000002
1 0.0228125 0.33083300000000004 0.045625 0.065
1 0.09468750000000001 0.37875000000000003 0.059375 0.07916600000000001
1 0.10968750000000001 0.41083349999999996 0.048125 0.05666699999999997
1 0.2146875 0.25833300000000003 0.05937500000000001 0.07500000000000001
1 0.2471875 0.09125000000000001 0.06937499999999999 0.095834
1 0.36343749999999997 0.42791650000000003 0.05937500000000001 0.07916700000000004
1 0.3890625 0.08583350000000001 0.05937500000000001 0.081667
1 0.448125 0.3758335 0.06374999999999997 0.088333
1 0.50625 0.354167 0.05249999999999999 0.07500000000000001
1 0.6509375 0.4425 0.1206250000000001 0.14666599999999996
1 0.7575 0.43291650000000004 0.0625 0.08583299999999999
1 0.7703125 0.2883335 0.07187500000000002 0.09333300000000003
