1 0.005625 0.661473 0.01125 0.19924399999999998
1 0.0246875 0.4192635 0.031875 0.060435000000000016
1 0.2603125 0.28187 0.02312499999999998 0.03871599999999997
1 0.30562500000000004 0.5868745 0.10625000000000001 0.10103899999999999
1 0.2659375 0.32058549999999997 0.024375000000000036 0.038715
1 0.3228125 0.4296505 0.12312500000000004 0.14353099999999996
1 0.271875 0.2629835 0.012500000000000011 0.016052999999999984
1 0.2815625 0.27809249999999996 0.01937500000000003 0.038715
1 0.2903125 0.316808 0.021875000000000033 0.03871600000000003
1 0.2996875 0.2705385 0.016874999999999973 0.034939
1 0.3021875 0.2898965 0.011874999999999969 0.02266299999999999
1 0.3059375 0.3149195 0.01687500000000003 0.02360699999999999
1 0.44125000000000003 0.275732 0.16500000000000004 0.07932
1 0.42656249999999996 0.2252125 0.03812500000000002 0.412653
1 0.495 0.627007 0.12624999999999997 0.15108600000000005
1 0.5184375 0.27478749999999996 0.07687500000000003 0.16241699999999998
1 0.5275 0.2988665 0.09249999999999997 0.18791299999999997
1 0.649375 0.5769595000000001 0.08750000000000002 0.107649
1 0.8025 0.532578 0.32875 0.38715800000000006
1 0.7096875 0.6959395 0.13812500000000005 0.606233
1 0.7053125 0.338055 0.08062499999999995 0.071766
1 0.8275 0.4844195 0.3125 0.29839499999999997
1 0.8731249999999999 0.3007555 0.21250000000000002 0.569405
1 0.8409375 0.24787550000000003 0.08062499999999995 0.08781900000000001
1 0.956875 0.463173 0.08499999999999996 0.809254
