1 0.375977 0.28989750000000003 0.125 0.21376299999999998
1 0.397949 0.173499 0.13574200000000003 0.27672
1 0.4140625 0.047584 0.121093 0.095168
1 0.4692385 0.4260615 0.11621100000000001 0.231333
1 0.509277 0.2642755 0.14550799999999997 0.28257699999999997
1 0.5166014999999999 0.08858 0.121093 0.165446
1 0.5214845 0.4619325 0.08593699999999999 0.191801
1 0.5942385 0.066618 0.1064449999999999 0.133236
1 0.6289065 0.2188875 0.140625 0.259151
1 0.5805665 0.3338215 0.032227000000000006 0.05856499999999998
