1 0.00375 0.49019650000000003 0.0075 0.06722699999999998
1 0.00875 0.2880485 0.0175 0.140989
1 0.0171875 0.7138185 0.034375 0.142857
1 0.4140625 0.3001865 0.06437499999999996 0.12978499999999998
1 0.4396875 0.21475249999999999 0.06687500000000002 0.123249
1 0.454375 0.4169005 0.05499999999999999 0.060690999999999995
1 0.47250000000000003 0.331466 0.065 0.125116
1 0.4584375 0.6013075 0.009375000000000022 0.05975700000000006
1 0.4815625 0.499066 0.03937499999999999 0.10737599999999997
1 0.6871875000000001 0.439309 0.06187500000000001 0.11671399999999998
1 0.71875 0.49626499999999996 0.05249999999999999 0.11484599999999995
1 0.73 0.3557425 0.07499999999999996 0.15126099999999998
1 0.7481249999999999 0.4150325 0.05500000000000005 0.11671300000000001
1 0.7415624999999999 0.515406 0.03187499999999999 0.10644199999999998
1 0.931875 0.08076549999999999 0.05624999999999991 0.10737699999999999
1 0.9568749999999999 0.2021475 0.05999999999999994 0.112979
1 0.9593750000000001 0.2759105 0.057499999999999996 0.099907
1 0.9771875 0.139589 0.04437500000000005 0.12044799999999999
1 0.9840625000000001 0.3422035 0.030625000000000013 0.10550899999999996
