1 0.1732335 0.4248825 0.346467 0.051642999999999994
1 0.14696700000000001 0.3539905 0.083802 0.140845
1 0.3186365 0.388263 0.07066899999999998 0.09483599999999998
1 0.43402149999999995 0.2737085 0.151345 0.16995299999999997
1 0.42745500000000003 0.4178405 0.059411999999999965 0.084507
1 0.5453405 0.31314549999999997 0.06879299999999999 0.10985899999999998
1 0.832708 0.3760565 0.08442799999999995 0.12112699999999998
1 0.8530335 0.2915495 0.10756699999999997 0.215023
1 0.813321 0.1122065 0.014384000000000063 0.034740999999999994
1 0.824578 0.1239435 0.026892000000000027 0.033803
1 0.826454 0.083568 0.02313999999999994 0.033802
1 0.83646 0.096244 0.026892000000000027 0.047888
1 0.8555349999999999 0.121127 0.035022 0.05258199999999999
1 0.8483430000000001 0.061502 0.01813600000000004 0.027230000000000004
1 0.8608505 0.0671365 0.03189500000000001 0.05352099999999999
1 0.8786745 0.088263 0.04002499999999998 0.060094
1 0.872108 0.144131 0.014383999999999952 0.029107999999999995
1 0.8821135 0.148826 0.025641000000000025 0.03474200000000002
1 0.8833645 0.25493 0.02814300000000003 0.027229999999999976
1 0.8889929999999999 0.282629 0.03439599999999998 0.04882599999999998
1 0.894622 0.22488249999999999 0.04315199999999997 0.051642999999999994
1 0.90369 0.1192485 0.053784000000000054 0.078873
1 0.8855535 0.0478875 0.012507000000000046 0.026290999999999995
1 0.902126 0.1807515 0.03314600000000001 0.047886999999999985
1 0.9136960000000001 0.0403755 0.05628599999999995 0.080751
1 0.9165105 0.25680749999999997 0.04065099999999999 0.05727699999999997
1 0.9208879999999999 0.19812200000000002 0.04940599999999995 0.07136200000000001
1 0.9196375 0.30093899999999996 0.03439700000000001 0.034741999999999995
1 0.9512195 0.14600950000000001 0.04878099999999996 0.09671300000000001
1 0.944653 0.268075 0.030644000000000005 0.029108000000000023
1 0.9530959999999999 0.2230045 0.04502799999999996 0.06478899999999999
1 0.969356 0.0323945 0.060038000000000036 0.064789
1 0.9803005 0.085446 0.03814899999999999 0.09014
1 0.9790495 0.203756 0.025641000000000025 0.05446000000000001
1 0.9834275 0.1539905 0.03189500000000001 0.073239
1 0.99187 0.21549249999999998 0.015009999999999968 0.057276999999999995
