1 0.01875 0.0425 0.0375 0.085
1 0.1040625 0.2779165 0.208125 0.395833
1 0.055 0.5191665 0.105 0.096667
1 0.1765625 0.5870835000000001 0.220625 0.300833
1 0.2003125 0.0975 0.16062500000000002 0.195
1 0.211875 0.264583 0.08000000000000002 0.13249999999999998
1 0.326875 0.18375 0.19624999999999998 0.22249999999999998
1 0.4296875 0.60625 0.341875 0.390834
1 0.37 0.0116665 0.07874999999999999 0.023333
1 0.443125 0.8883335 0.18625000000000003 0.22166700000000006
1 0.5309375000000001 0.1504165 0.188125 0.240833
1 0.575625 0.42708349999999995 0.19 0.335833
1 0.5940624999999999 0.7041665 0.13937499999999992 0.25333300000000003
1 0.67125 0.0883335 0.15625 0.171667
1 0.7309375 0.5095835 0.13687499999999997 0.17083299999999996
1 0.79125 0.0225 0.12749999999999995 0.045
1 0.8884375 0.2925 0.22187500000000004 0.21500000000000002
1 0.9181250000000001 0.095 0.16249999999999998 0.19
