1 0.064375 0.0677965 0.12875 0.135593
1 0.06625 0.1897365 0.11499999999999999 0.194915
1 0.0584375 0.6920904999999999 0.016875 0.032015000000000016
1 0.06375 0.7471749999999999 0.008750000000000008 0.03860600000000003
1 0.0721875 0.71516 0.018125000000000002 0.02919000000000005
1 0.0746875 0.6967985 0.015625 0.007533000000000012
1 0.11375 0.4816385 0.06125 0.117703
1 0.1003125 0.7452920000000001 0.018125000000000002 0.023540000000000005
1 0.1115625 0.643597 0.028124999999999983 0.05555600000000005
1 0.1221875 0.6280600000000001 0.033125000000000016 0.07533000000000001
1 0.15437499999999998 0.710923 0.04250000000000001 0.06403000000000003
1 0.1459375 0.6840865 0.018125000000000002 0.014125000000000054
1 0.1584375 0.5461395 0.03937499999999999 0.08097899999999991
1 0.1921875 0.6393599999999999 0.030624999999999986 0.060263999999999984
1 0.2078125 0.8606400000000001 0.024375000000000008 0.05461400000000005
1 0.2096875 0.7236345 0.020625000000000004 0.031073000000000017
1 0.213125 0.634652 0.02124999999999999 0.05461399999999994
1 0.213125 0.824859 0.02124999999999999 0.024482000000000004
1 0.3040625 0.729755 0.013124999999999998 0.050848000000000004
1 0.3446875 0.7537665 0.02562500000000001 0.05555500000000002
1 0.36812500000000004 0.745763 0.011250000000000038 0.020716000000000068
1 0.37625 0.7344630000000001 0.004999999999999949 0.00941599999999998
1 0.37906249999999997 0.7419965 0.008124999999999993 0.013183000000000056
1 0.38875000000000004 0.7354050000000001 0.0037499999999999756 0.011299999999999977
1 0.3990625 0.6854990000000001 0.014375000000000027 0.024482000000000004
1 0.4015625 0.7132769999999999 0.01937500000000003 0.01977400000000007
1 0.4359375 0.6991525000000001 0.019374999999999976 0.03672299999999995
1 0.451875 0.7137475 0.007500000000000007 0.013182999999999945
1 0.4759375 0.6840865 0.014375000000000027 0.02730700000000008
1 0.4821875 0.6318265000000001 0.014375000000000027 0.022598999999999925
1 0.48343749999999996 0.6520715 0.014374999999999971 0.021657000000000037
1 0.4925 0.7142185 0.011249999999999982 0.021657000000000037
1 0.5053124999999999 0.717514 0.014374999999999971 0.01883199999999996
1 0.5278125 0.7264595 0.015625 0.03672299999999995
1 0.5315624999999999 0.6953860000000001 0.018125000000000058 0.025424000000000002
1 0.5365625 0.7090399999999999 0.013124999999999942 0.024482000000000004
1 0.54625 0.6840865 0.013749999999999929 0.021656999999999926
1 0.5884375 0.665254 0.016875000000000084 0.03860599999999992
1 0.596875 0.717514 0.010000000000000009 0.015066000000000024
1 0.6090625000000001 0.5437855 0.014374999999999916 0.032957000000000014
1 0.6121875 0.4467985 0.015625 0.01789099999999999
1 0.6146875 0.7071565 0.013124999999999942 0.016948999999999992
1 0.620625 0.4788135 0.013749999999999929 0.02730699999999997
1 0.6353125 0.7029190000000001 0.015625 0.031073999999999935
1 0.6396875 0.6845574999999999 0.009375000000000022 0.016948999999999992
1 0.645625 0.6671374999999999 0.014999999999999902 0.029191000000000078
1 0.645 0.7090395 0.008750000000000036 0.011299000000000059
1 0.651875 0.7212810000000001 0.007500000000000062 0.00941599999999998
1 0.6565624999999999 0.6953860000000001 0.011874999999999969 0.023540000000000005
1 0.6621874999999999 0.676083 0.010624999999999996 0.015066000000000024
1 0.671875 0.6897365 0.011249999999999982 0.02730699999999997
1 0.6775 0.705273 0.0050000000000000044 0.011299999999999977
1 0.6859375 0.6972695 0.0068749999999999645 0.012240999999999946
1 0.69625 0.6925615 0.011249999999999982 0.021656999999999926
1 0.8921874999999999 0.690678 0.021874999999999978 0.05179
1 0.9190625 0.596516 0.01187500000000008 0.025424000000000002
