1 0.19968750000000002 0.291667 0.09062499999999998 0.095
1 0.265625 0.3666665 0.08499999999999999 0.11666699999999997
1 0.2771875 0.2608335 0.06687499999999999 0.088333
1 0.37906249999999997 0.8495835 0.10812499999999997 0.11416700000000002
1 0.4396875 0.9420835000000001 0.07437499999999997 0.11416700000000002
1 0.4559375 0.8445835 0.06562500000000004 0.089167
1 0.4925 0.932917 0.03874999999999995 0.08250000000000002
1 0.5140625000000001 0.8316665 0.06062500000000004 0.09166699999999994
1 0.5365625 0.9204165 0.08562499999999995 0.12416700000000003
1 0.5678125 0.874583 0.05437499999999995 0.0774999999999999
1 0.714375 0.2125 0.07125000000000004 0.09833399999999998
1 0.725625 0.3191665 0.07750000000000001 0.11666700000000002
1 0.791875 0.2425 0.10749999999999993 0.10833400000000001
