1 0.142969 0.5713539999999999 0.03125 0.11770800000000003
1 0.1371095 0.5520835 0.011719000000000007 0.0770829999999999
1 0.169531 0.449479 0.06406199999999998 0.10729200000000005
1 0.20273449999999998 0.3203125 0.11171899999999998 0.155209
1 0.213281 0.514583 0.08593799999999999 0.16875
1 0.283203 0.29375 0.09140599999999999 0.14583400000000002
1 0.291406 0.41041649999999996 0.05468799999999996 0.11666700000000002
1 0.3222655 0.28125 0.067969 0.11875000000000002
1 0.39023450000000004 0.23125 0.088281 0.16874999999999998
1 0.408203 0.03125 0.06796799999999997 0.0625
1 0.43789049999999996 0.1177085 0.11328100000000002 0.158333
1 0.483984 0.23125 0.09609400000000001 0.11041599999999999
1 0.49921899999999997 0.0385415 0.08593800000000001 0.077083
1 0.514844 0.380729 0.054688000000000014 0.111458
1 0.551563 0.11666649999999999 0.11250000000000004 0.152083
1 0.558203 0.4291665 0.11484399999999995 0.170833
1 0.58125 0.27239599999999997 0.11718799999999996 0.15104199999999998
1 0.5839845 0.0348955 0.08359300000000003 0.065625
1 0.611719 0.1265625 0.08593800000000007 0.140625
