1 0.00625 0.515833 0.0125 0.05499999999999994
1 0.028749999999999998 0.475 0.045 0.063334
1 0.081875 0.4566665 0.058750000000000004 0.07333300000000004
1 0.08499999999999999 0.5508335 0.039999999999999994 0.03833299999999995
1 0.103125 0.4008335 0.04375 0.06833299999999998
1 0.185 0.4016665 0.03749999999999998 0.016666999999999987
1 0.19125 0.6158330000000001 0.017500000000000016 0.05500000000000005
1 0.20750000000000002 0.5258335000000001 0.047500000000000014 0.08166700000000005
1 0.25875 0.5141665 0.04749999999999999 0.07833299999999999
1 0.26625 0.575 0.03749999999999998 0.039999999999999925
1 0.3125 0.43 0.07999999999999996 0.07333400000000001
1 0.29625 0.4583335 0.03749999999999998 0.01333300000000004
1 0.318125 0.5225 0.07624999999999998 0.11499999999999994
1 0.323125 0.38916700000000004 0.06125000000000003 0.065
1 0.374375 0.5341665 0.07374999999999998 0.13833299999999998
1 0.375625 0.443333 0.06874999999999998 0.09000000000000002
1 0.416875 0.41083349999999996 0.08125000000000004 0.11166700000000002
1 0.440625 0.5575 0.06125000000000003 0.0783339999999999
1 0.429375 0.5025 0.03125 0.06500000000000006
1 0.4525 0.49 0.010000000000000009 0.05666600000000005
1 0.4625 0.42 0.02250000000000002 0.07666600000000001
1 0.49375 0.491667 0.08250000000000002 0.10999999999999999
1 0.53875 0.554167 0.08249999999999996 0.09499999999999997
1 0.54125 0.4616665 0.050000000000000044 0.06333300000000003
1 0.544375 0.4975 0.018749999999999933 0.02833399999999997
1 0.585 0.48750000000000004 0.0625 0.09500000000000003
1 0.58125 0.55 0.022500000000000075 0.023334000000000077
1 0.62125 0.509167 0.05249999999999999 0.09500000000000003
1 0.625 0.385833 0.0475000000000001 0.09500000000000003
1 0.66625 0.36583350000000003 0.07499999999999996 0.11833299999999997
1 0.67 0.5216665 0.07250000000000001 0.10666699999999996
1 0.66375 0.44333350000000005 0.05249999999999999 0.033333
1 0.709375 0.395833 0.10375000000000001 0.135
1 0.70875 0.27249999999999996 0.09749999999999992 0.128334
1 0.7068749999999999 0.5066665 0.08875 0.10666700000000007
1 0.74 0.4491665 0.015000000000000013 0.028332999999999997
1 0.795 0.6225 0.0625 0.0816659999999999
1 0.815 0.5616665000000001 0.08500000000000008 0.11333300000000002
1 0.913125 0.515 0.07125000000000004 0.08666599999999997
1 0.935 0.415 0.09750000000000003 0.13
1 0.968125 0.3666665 0.06125000000000003 0.11333300000000002
