1 0.2659375 0.49670749999999997 0.06187500000000001 0.08842900000000004
1 0.2546875 0.636877 0.028124999999999983 0.12793999999999994
1 0.275 0.4360305 0.05374999999999999 0.10630299999999998
1 0.32 0.520696 0.05625000000000002 0.11759200000000003
1 0.3559375 0.5540925 0.02562500000000001 0.09595500000000001
1 0.46718750000000003 0.32079 0.07187500000000002 0.23894600000000002
1 0.4534375 0.481656 0.024375000000000036 0.04891799999999996
1 0.4609375 0.5413924999999999 0.014375000000000027 0.040450999999999904
1 0.5340625 0.3174975 0.138125 0.269991
1 0.5209375 0.5056445 0.01937500000000003 0.04233300000000001
1 0.544375 0.555033 0.006249999999999978 0.020696000000000048
1 0.5671875 0.552681 0.03687499999999999 0.036688000000000054
1 0.5721875000000001 0.5442145 0.024374999999999925 0.046095
1 0.600625 0.3762935 0.04249999999999998 0.06961499999999998
1 0.5971875 0.36594550000000003 0.028124999999999956 0.07525900000000002
1 0.598125 0.6025400000000001 0.016249999999999987 0.046096000000000026
1 0.6321875 0.4520225 0.02562500000000001 0.05738500000000002
1 0.7128125 0.5268109999999999 0.015625 0.018813999999999997
1 0.7196875 0.541392 0.011874999999999969 0.017873999999999945
