1 0.006875 0.47985 0.01375 0.0806
1 0.01625 0.665886 0.0325 0.0403
1 0.0271875 0.594658 0.054375 0.128398
1 0.026250000000000002 0.4447045 0.04875 0.05529499999999998
1 0.043437500000000004 0.508435 0.078125 0.12089999999999995
1 0.0878125 0.41377699999999995 0.08937500000000001 0.096532
1 0.0821875 0.47235249999999995 0.073125 0.133083
1 0.08031250000000001 0.5880974999999999 0.066875 0.11527699999999996
1 0.09812499999999999 0.609653 0.051250000000000004 0.09653200000000006
1 0.1396875 0.510309 0.08312499999999999 0.12090000000000001
1 0.14375 0.42033750000000003 0.05749999999999998 0.08716099999999999
1 0.15718749999999998 0.5702905 0.074375 0.102155
1 0.18125000000000002 0.405811 0.056249999999999994 0.073102
1 0.2040625 0.4850045 0.075625 0.11527699999999996
1 0.203125 0.5468605 0.03875000000000001 0.025305000000000022
1 0.2321875 0.388004 0.083125 0.08247399999999999
1 0.2546875 0.45501400000000003 0.079375 0.12090000000000001
1 0.2653125 0.532802 0.06812499999999999 0.10403000000000001
1 0.281875 0.38847200000000004 0.06749999999999998 0.122774
1 0.2953125 0.45501400000000003 0.015625 0.04779799999999995
1 0.33406250000000004 0.486879 0.07937500000000003 0.11152799999999996
1 0.33125 0.5482665 0.06625000000000003 0.05810700000000002
1 0.34343749999999995 0.34723550000000003 0.075625 0.08341099999999996
1 0.3403125 0.35239 0.05687500000000001 0.065604
1 0.335 0.39925049999999995 0.04125000000000001 0.07497700000000002
1 0.3825 0.437207 0.06374999999999997 0.113402
1 0.37093750000000003 0.5121835 0.013124999999999998 0.036551
1 0.4034375 0.3388005 0.075625 0.11527699999999996
1 0.4078125 0.532334 0.078125 0.08059999999999995
1 0.4165625 0.47282099999999994 0.07062500000000005 0.12652199999999997
1 0.4584375 0.414714 0.07687500000000003 0.12089999999999995
1 0.4440625 0.3242735 0.010625000000000051 0.020619
1 0.4771875 0.3406745 0.07437500000000002 0.08903499999999998
1 0.48187499999999994 0.4868795 0.07249999999999995 0.10777900000000007
1 0.489375 0.5135895 0.0625 0.06185500000000005
1 0.5240625 0.3252105 0.06312500000000004 0.076851
1 0.525 0.387535 0.05375000000000002 0.105904
1 0.5484375 0.4465795 0.07562500000000005 0.10777900000000007
1 0.5428124999999999 0.5079665 0.06187500000000001 0.076851
1 0.5696875 0.3350515 0.06437500000000007 0.12277499999999997
1 0.6003125 0.420337 0.06937499999999996 0.113402
1 0.5909375 0.5065605 0.034375000000000044 0.05529500000000004
1 0.6184375 0.477038 0.06937499999999996 0.09934399999999999
1 0.6325000000000001 0.35941900000000004 0.06625000000000003 0.10777799999999998
1 0.6440625 0.3233365 0.06437500000000007 0.08809700000000004
1 0.666875 0.429709 0.06374999999999997 0.113402
1 0.6784375 0.489691 0.06687500000000002 0.10215600000000008
1 0.6984375 0.38191200000000003 0.07062500000000005 0.10965399999999997
1 0.7040625 0.33739450000000004 0.06437499999999996 0.07497700000000002
1 0.7240625 0.5229615 0.0681250000000001 0.06185499999999994
1 0.73125 0.45220250000000006 0.05874999999999997 0.09653300000000004
1 0.7409375 0.34536100000000003 0.026874999999999982 0.07404000000000005
1 0.760625 0.41752599999999995 0.05875000000000008 0.096532
1 0.7840625 0.38003750000000003 0.06562500000000004 0.09840699999999997
1 0.785625 0.485942 0.06499999999999995 0.105904
1 0.79125 0.548266 0.07374999999999998 0.065604
1 0.8253125 0.4461105 0.06562500000000004 0.09184700000000001
1 0.845 0.4011245 0.05625000000000002 0.07872500000000004
1 0.8503125 0.5009375 0.06687500000000002 0.09090899999999996
1 0.8521875 0.5670105 0.06812499999999999 0.076851
1 0.8540625 0.5979380000000001 0.05937500000000007 0.06185600000000002
1 0.893125 0.469541 0.05500000000000005 0.09184600000000004
1 0.9071875 0.43580149999999995 0.055625000000000036 0.07497700000000002
1 0.91125 0.5454545 0.06000000000000005 0.08622300000000005
1 0.9175 0.5913775 0.0675 0.07497700000000007
1 0.91625 0.624649 0.057499999999999996 0.04967199999999994
1 0.948125 0.4779755 0.06000000000000005 0.09372099999999994
1 0.9696875 0.5576380000000001 0.05937500000000007 0.09184599999999998
1 0.9703125 0.6602625 0.05812499999999998 0.05529499999999998
1 0.9715625 0.628866 0.055625000000000036 0.073102
1 0.9875 0.503749 0.02375000000000005 0.038426000000000016
