0 0.145 0.2152905 0.08 0.09662300000000001
0 0.0778125 0.272514 0.023124999999999993 0.027204000000000006
0 0.1334375 0.35506550000000003 0.021875000000000006 0.02720499999999998
0 0.156875 0.435741 0.013750000000000012 0.02345200000000003
0 0.18375 0.30534700000000004 0.04999999999999999 0.04221400000000003
0 0.201875 0.3119135 0.05249999999999999 0.05909900000000001
0 0.2084375 0.5051595 0.023125000000000007 0.019699000000000078
0 0.2259375 0.38696050000000004 0.04187500000000002 0.051595
0 0.2190625 0.42542199999999997 0.020625000000000004 0.021575999999999984
0 0.271875 0.486398 0.06 0.04408999999999996
0 0.2675 0.39352699999999996 0.04374999999999998 0.04596600000000001
0 0.28593749999999996 0.459662 0.029374999999999984 0.024390000000000023
0 0.3225 0.5065664999999999 0.09250000000000003 0.07692299999999996
0 0.3571875 0.628987 0.125625 0.09099400000000002
0 0.3371875 0.8076924999999999 0.08312499999999995 0.07879899999999995
0 0.37906249999999997 0.6280490000000001 0.12312499999999998 0.08161399999999996
0 0.3675 0.5886495 0.053749999999999964 0.051594999999999946
0 0.43343750000000003 0.7509385 0.116875 0.09662300000000001
0 0.5059374999999999 0.7706375 0.08437499999999998 0.11913700000000005
0 0.6171875 0.7969044999999999 0.02562500000000001 0.03470899999999999
0 0.6346875 0.8175425000000001 0.046875 0.03658499999999998
0 0.6621875 0.7743905 0.03562500000000002 0.03470899999999999
0 0.6968749999999999 0.814728 0.04625000000000001 0.042213999999999974
0 0.7275 0.7992495 0.05125000000000002 0.046905000000000086
0 0.7353125 0.7654785 0.02562500000000001 0.02439099999999994
0 0.7853125 0.7546904999999999 0.028124999999999956 0.027205000000000035
0 0.8006249999999999 0.7303005 0.03375000000000006 0.030957000000000012
0 0.95375 0.7664165000000001 0.03249999999999997 0.15384699999999996
