1 0.1028125 0.062171500000000005 0.05437500000000001 0.087565
1 0.119375 0.2031525 0.05124999999999999 0.07530699999999999
1 0.131875 0.121278 0.04999999999999999 0.081436
1 0.155 0.1786335 0.05249999999999999 0.084063
1 0.1575 0.083187 0.04999999999999999 0.06655
1 0.1725 0.149737 0.04250000000000001 0.06655000000000001
1 0.810625 0.185639 0.05249999999999999 0.07705800000000002
1 0.8356250000000001 0.2640105 0.04625000000000001 0.07968499999999998
1 0.839375 0.31085799999999997 0.04875000000000007 0.06479799999999997
1 0.833125 0.21366000000000002 0.028750000000000053 0.04028000000000001
1 0.849375 0.137478 0.04749999999999999 0.059544000000000014
1 0.855625 0.181261 0.04249999999999998 0.085814
1 0.8778125 0.189142 0.03562500000000002 0.06655
1 0.885625 0.2539405 0.04875000000000007 0.07355499999999998
