1 0.3928125 0.2549205 0.018125000000000002 0.065605
1 0.40031249999999996 0.305998 0.033125000000000016 0.044047999999999976
1 0.41000000000000003 0.20478000000000002 0.03750000000000003 0.060918
1 0.411875 0.8223990000000001 0.04125000000000001 0.059043999999999985
1 0.4196875 0.2596065 0.04562500000000003 0.06747899999999998
1 0.41031249999999997 0.781162 0.02437499999999998 0.04967199999999994
1 0.4234375 0.147142 0.04062499999999997 0.054358000000000004
1 0.428125 0.31818199999999996 0.04750000000000004 0.06091799999999997
1 0.43374999999999997 0.1682285 0.05375000000000002 0.060919
1 0.43437499999999996 0.1030925 0.03999999999999998 0.076851
1 0.4325 0.77179 0.020000000000000018 0.05342000000000002
1 0.453125 0.2146205 0.04625000000000001 0.065605
1 0.4396875 0.7080599999999999 0.016874999999999973 0.045923999999999965
1 0.4390625 0.0665415 0.013124999999999998 0.022493
1 0.4503125 0.3678535 0.030625000000000013 0.05342100000000005
1 0.45875 0.2806935 0.04249999999999998 0.06279299999999999
1 0.45406250000000004 0.0412375 0.02812500000000001 0.058107000000000006
1 0.46062499999999995 0.3313025 0.03375 0.05342100000000005
1 0.458125 0.41284 0.015000000000000013 0.023430000000000006
1 0.47562499999999996 0.092315 0.044999999999999984 0.07028999999999999
1 0.476875 0.15276499999999998 0.04500000000000004 0.061855999999999994
1 0.485 0.19493899999999997 0.043749999999999956 0.069354
1 0.4765625 0.24320550000000002 0.021874999999999978 0.034676999999999986
1 0.49 0.0323335 0.048750000000000016 0.064667
1 0.5028125 0.1326145 0.02562500000000001 0.044049000000000005
1 0.5225 0.10403 0.05124999999999996 0.07872599999999999
1 0.5215624999999999 0.0121835 0.03437499999999993 0.024367
1 0.5349999999999999 0.0501405 0.04625000000000001 0.070291
1 0.558125 0.0196815 0.04125000000000001 0.039363
1 0.5565625000000001 0.093252 0.028125000000000067 0.04217399999999999
1 0.6009375 0.028585 0.04437500000000005 0.05717
1 0.610625 0.069822 0.03374999999999995 0.038426
1 0.639375 0.04686 0.04500000000000004 0.0806
1 0.668125 0.02343 0.05125000000000002 0.04686
1 0.6759375 0.059512499999999996 0.02562500000000001 0.03655099999999999
1 0.708125 0.037957 0.04875000000000007 0.075914
1 0.735625 0.0253045 0.05249999999999999 0.050609
1 0.7465625 0.052015000000000006 0.02562500000000001 0.032802000000000005
1 0.78125 0.037957 0.0462499999999999 0.075914
1 0.815625 0.0267105 0.061249999999999916 0.053421
1 0.8246875 0.0529525 0.030625000000000013 0.027179000000000002
1 0.860625 0.034208 0.04874999999999996 0.068416
1 0.89375 0.0267105 0.05125000000000002 0.053421
1 0.9065625 0.0407685 0.02562500000000001 0.025305000000000005
1 0.944375 0.0398315 0.05249999999999999 0.079663
1 0.9746874999999999 0.02343 0.04937500000000006 0.04686
1 0.98375 0.0463915 0.03125 0.025305
