1 0.133125 0.484127 0.26625 0.505136
1 0.4065625 0.4659195 0.29312499999999997 0.526611
1 0.3059375 0.580299 0.08687499999999998 0.17833799999999994
1 0.3215625 0.590103 0.11812499999999998 0.26143799999999995
1 0.48406249999999995 0.570028 0.06687499999999996 0.137254
1 0.566875 0.5611575 0.11125000000000007 0.23155900000000001
1 0.6934374999999999 0.47012149999999997 0.29312499999999997 0.501401
1 0.7878125 0.548086 0.11062499999999997 0.250234
1 0.9159375000000001 0.5247435 0.16437500000000005 0.296919
1 0.9659375 0.3902895 0.06687500000000002 0.309991
