1 0.029062499999999998 0.575 0.028124999999999997 0.043333999999999984
1 0.084375 0.515417 0.03375 0.02750000000000008
1 0.1375 0.6212500000000001 0.046249999999999986 0.0675
1 0.3325 0.504167 0.05125000000000002 0.06999999999999995
1 0.410625 0.41541649999999997 0.034999999999999976 0.059167000000000025
1 0.8584375 0.240417 0.05437499999999995 0.07749999999999999
1 0.8871875 0.97875 0.09687500000000004 0.04083400000000004
1 0.9059375 0.2425 0.046875 0.07000000000000003
1 0.9137500000000001 0.0975 0.053750000000000075 0.06
1 0.9456249999999999 0.8254165 0.10750000000000004 0.1758329999999999
