1 0.4575195 0.3789065 0.915039 0.197917
1 0.0473635 0.420573 0.022461000000000002 0.026041999999999954
1 0.048827999999999996 0.44856799999999997 0.019532 0.02994800000000003
1 0.055664 0.3990885 0.017577999999999996 0.027343000000000006
1 0.11474599999999999 0.4277345 0.05957 0.08723900000000001
1 0.1191405 0.321615 0.06054699999999999 0.091146
1 0.15332 0.37825549999999997 0.05859400000000001 0.07942699999999997
1 0.2988285 0.45638049999999997 0.03320299999999998 0.04557300000000003
1 0.311523 0.4153645 0.03125 0.052083000000000046
1 0.3120115 0.36979150000000005 0.030272999999999994 0.049478999999999995
1 0.3515625 0.41731799999999997 0.01757900000000001 0.03255199999999997
1 0.37060550000000003 0.41731799999999997 0.020506999999999997 0.03775999999999996
1 0.387695 0.4283855 0.013672000000000017 0.026041000000000036
1 0.3930665 0.390625 0.014649000000000023 0.02604200000000001
1 0.40136700000000003 0.41731799999999997 0.017578000000000038 0.03255199999999997
1 0.622559 0.4114585 0.01074200000000003 0.02604099999999998
1 0.6342775 0.3951825 0.014649000000000023 0.019530999999999965
1 0.63916 0.41341150000000004 0.014647999999999994 0.02473900000000001
1 0.6518554999999999 0.463542 0.020506999999999942 0.03125
1 0.661133 0.419922 0.021483999999999948 0.037760000000000016
1 0.6684574999999999 0.388672 0.022460999999999953 0.04036400000000001
1 0.6914065 0.4173175 0.02343700000000004 0.053385000000000016
1 0.7060545 0.328125 0.03710899999999995 0.05208400000000002
1 0.7177735000000001 0.4199215 0.02343700000000004 0.048177000000000025
1 0.8305665 0.35091150000000004 0.053711000000000064 0.08723900000000001
1 0.854004 0.3613285 0.026367999999999947 0.07942700000000003
1 0.8833005 0.360026 0.04980499999999999 0.09505200000000003
