0 0.08374999999999999 0.510788 0.011249999999999996 0.015947999999999962
0 0.0965625 0.47420249999999997 0.009375000000000008 0.01594699999999999
0 0.1209375 0.3972795 0.00937499999999998 0.01594699999999999
0 0.14656249999999998 0.47045000000000003 0.014374999999999999 0.023451999999999973
0 0.16125 0.32035650000000004 0.012500000000000011 0.01594699999999999
0 0.16843750000000002 0.381801 0.016875 0.02626600000000001
0 0.18343749999999998 0.293621 0.019375000000000003 0.018762
0 0.2028125 0.18761699999999998 0.044375 0.08818000000000001
0 0.2121875 0.079737 0.03187499999999999 0.022514000000000006
0 0.21 0.41369599999999995 0.010000000000000009 0.02063799999999999
0 0.24375 0.4165105 0.007500000000000007 0.007504999999999984
0 0.30625 0.47279550000000004 0.007500000000000007 0.007505000000000039
0 0.37906249999999997 0.4587245 0.07437500000000002 0.14258900000000002
0 0.409375 0.636961 0.057499999999999996 0.06379000000000001
0 0.44156249999999997 0.39258899999999997 0.023125000000000007 0.021575999999999984
0 0.436875 0.5272045 0.007500000000000007 0.01688500000000004
0 0.438125 0.4695125 0.010000000000000009 0.014071
0 0.568125 0.0722325 0.011249999999999982 0.011257000000000003
