0 0.23945300000000003 0.0380205 0.060156000000000015 0.034375
0 0.300781 0.122396 0.03125 0.04270799999999998
0 0.341797 0.2041665 0.02734399999999998 0.029167
0 0.37109400000000003 0.275 0.054688000000000014 0.03958400000000001
0 0.408203 0.325521 0.02734399999999998 0.03645799999999999
0 0.433984 0.36302100000000004 0.02265600000000001 0.02395799999999998
0 0.4503905 0.4046875 0.02890699999999996 0.03437499999999999
0 0.475 0.4421875 0.01874999999999999 0.03645900000000002
0 0.489453 0.46510399999999996 0.01796800000000004 0.02395799999999998
0 0.562109 0.593229 0.135156 0.232292
