0 0.039375 0.7452574999999999 0.05625000000000001 0.070461
0 0.1440625 0.6842820000000001 0.185625 0.2520319999999999
0 0.3271875 0.37624199999999997 0.34562499999999996 0.32972
0 0.17093750000000002 0.5271 0.021875000000000006 0.01896999999999993
0 0.19718750000000002 0.46115649999999997 0.02562499999999998 0.02077699999999999
0 0.2828125 0.6549235 0.12062500000000001 0.06684699999999999
0 0.2746875 0.813008 0.085625 0.08310800000000007
0 0.2515625 0.7547425 0.029374999999999984 0.02258300000000002
0 0.3028125 0.6693765 0.06312499999999999 0.059621000000000035
0 0.34843749999999996 0.795393 0.11812499999999998 0.09665800000000002
0 0.349375 0.5492319999999999 0.05874999999999997 0.04155399999999998
0 0.370625 0.0564585 0.03750000000000003 0.037037
0 0.3815625 0.725384 0.05937500000000001 0.08130000000000004
0 0.375 0.6869915 0.043749999999999956 0.04245699999999997
0 0.47468750000000004 0.596206 0.18562499999999998 0.08310799999999996
0 0.4296875 0.302168 0.09312500000000001 0.035229999999999984
0 0.41093749999999996 0.7249319999999999 0.02437499999999998 0.035229999999999984
0 0.4359375 0.607498 0.03937499999999999 0.046070000000000055
0 0.5103125 0.730804 0.13687499999999997 0.07045999999999997
0 0.62 0.35004500000000005 0.31750000000000006 0.049684000000000006
0 0.5090625 0.6336945 0.083125 0.046071000000000084
0 0.5475 0.4345075 0.12125000000000002 0.059621000000000035
0 0.6734374999999999 0.273261 0.02937500000000004 0.024389999999999967
0 0.7884375 0.536585 0.18312499999999998 0.07407399999999997
0 0.824375 0.504065 0.15500000000000003 0.06865399999999999
0 0.7718750000000001 0.4855465 0.04625000000000001 0.029811000000000032
0 0.9225 0.196477 0.15375000000000005 0.04607
0 0.878125 0.330623 0.04874999999999996 0.03071400000000002
0 0.926875 0.334688 0.14500000000000002 0.044264000000000026
0 0.8846875 0.06775049999999999 0.026874999999999982 0.025292999999999996
