1 0.0821875 0.26777799999999996 0.035625000000000004 0.064444
1 0.08625 0.366667 0.04375 0.062222
1 0.08625 0.467222 0.041249999999999995 0.052222000000000046
1 0.08937500000000001 0.6605555000000001 0.045 0.05222300000000002
1 0.0875 0.741667 0.03874999999999999 0.05222199999999999
1 0.0784375 0.4183335 0.015625 0.04111099999999995
1 0.09125 0.565 0.04125000000000001 0.056665999999999994
1 0.1090625 0.176111 0.07562500000000001 0.14333400000000002
1 0.0784375 0.512778 0.013125000000000012 0.04555600000000004
1 0.0784375 0.32 0.01062500000000001 0.026665999999999968
1 0.0796875 0.606111 0.01062500000000001 0.043333999999999984
1 0.0925 0.8461110000000001 0.03375 0.0522220000000001
1 0.08249999999999999 0.698333 0.009999999999999995 0.03222199999999997
1 0.08374999999999999 0.785 0.012499999999999997 0.030000000000000027
1 0.0990625 0.3155555 0.040624999999999994 0.07333299999999998
1 0.1003125 0.617222 0.043125 0.05222199999999999
1 0.1028125 0.7005555 0.043125 0.06333300000000008
1 0.09968750000000001 0.798333 0.034375 0.05222199999999999
1 0.1028125 0.515 0.03812499999999999 0.06777799999999995
1 0.1034375 0.4305555 0.03937499999999999 0.05666699999999997
1 0.11937500000000001 0.26666650000000003 0.036250000000000004 0.07111099999999998
1 0.1215625 0.752778 0.03687500000000002 0.06555600000000006
1 0.12281249999999999 0.375 0.03937499999999999 0.067778
1 0.12343749999999999 0.4661115 0.03812499999999999 0.05888899999999997
1 0.1240625 0.5683335 0.031875000000000014 0.05888900000000008
1 0.12843749999999998 0.835 0.03312499999999999 0.06999999999999995
1 0.13093749999999998 0.6583335 0.03562499999999999 0.06555500000000003
1 0.14 0.512778 0.046249999999999986 0.052221999999999935
1 0.13874999999999998 0.323889 0.041249999999999995 0.056665999999999994
1 0.141875 0.4133335 0.039999999999999994 0.06444500000000003
1 0.144375 0.6072219999999999 0.042499999999999996 0.04555600000000004
1 0.14687499999999998 0.772222 0.04000000000000001 0.06444400000000006
1 0.1459375 0.7005555 0.03437499999999999 0.05666700000000002
1 0.14656249999999998 0.27222199999999996 0.028124999999999983 0.055555999999999994
1 0.1515625 0.5561115 0.02562499999999998 0.03888899999999995
1 0.15281250000000002 0.73 0.028124999999999983 0.03777799999999998
1 0.1509375 0.368333 0.021874999999999978 0.04999999999999999
1 0.1521875 0.4672225 0.02437499999999998 0.04333300000000001
1 0.1540625 0.8216665000000001 0.023125000000000007 0.043332999999999955
1 0.1553125 0.6472225 0.018125000000000002 0.043332999999999955
