1 0.0075 0.0284785 0.015 0.047619
1 0.009375 0.6993465000000001 0.01875 0.10270699999999999
1 0.01 0.9010275 0.02 0.085901
1 0.0153125 0.610177 0.030625 0.10177400000000003
1 0.0184375 0.8113915 0.036875 0.13632100000000003
1 0.0228125 0.1923435 0.045625 0.06722699999999998
1 0.0228125 0.769374 0.045625 0.0634920000000001
1 0.0240625 0.2189545 0.048125 0.06629300000000002
1 0.02625 0.964986 0.0525 0.06816
1 0.07375 0.019608 0.13875 0.039216
1 0.037500000000000006 0.889823 0.0625 0.12138199999999999
1 0.094375 0.1204485 0.11750000000000002 0.199813
1 0.06625 0.25817 0.05625 0.081232
1 0.063125 0.9659195 0.047499999999999994 0.06629300000000005
1 0.0678125 0.2124185 0.024375 0.02707699999999999
1 0.09593750000000001 0.2492995 0.038125000000000006 0.097105
1 0.10624999999999998 0.349206 0.03874999999999999 0.10270800000000002
1 0.12437499999999999 0.161998 0.06999999999999999 0.135388
1 0.12406249999999999 0.551354 0.059375 0.10364200000000001
1 0.1225 0.44771249999999996 0.051250000000000004 0.107377
1 0.148125 0.286648 0.1025 0.126984
1 0.13125 0.6587305 0.0625 0.11111099999999996
1 0.16249999999999998 0.39822599999999997 0.09 0.12791800000000003
1 0.13718750000000002 0.013072 0.02687500000000001 0.026144
1 0.15 0.7558355000000001 0.051250000000000004 0.09056900000000001
1 0.13718750000000002 0.1568625 0.024375000000000008 0.074697
1 0.1790625 0.509337 0.09187500000000001 0.12605000000000005
1 0.16218749999999998 0.1475255 0.05687499999999998 0.093371
1 0.1765625 0.6223155 0.079375 0.12231499999999995
1 0.16312500000000002 0.8534079999999999 0.047500000000000014 0.07843199999999995
1 0.169375 0.7212885 0.04749999999999999 0.10550900000000007
1 0.178125 0.2175535 0.048750000000000016 0.06162500000000001
1 0.1740625 0.927171 0.03812499999999999 0.08776799999999996
1 0.17375000000000002 0.0695615 0.03624999999999998 0.111111
1 0.181875 0.0107375 0.05249999999999999 0.021475
1 0.1734375 0.822129 0.03187499999999999 0.10737599999999992
1 0.2146875 0.056956 0.08687499999999998 0.10084
1 0.193125 0.9215685 0.036250000000000004 0.06909500000000002
1 0.1990625 0.235294 0.044375 0.06536
1 0.204375 0.091503 0.04625000000000001 0.052288
1 0.21875 0.1288515 0.06374999999999997 0.09523899999999999
1 0.2003125 0.18907600000000002 0.016875 0.043884000000000006
1 0.21375 0.330065 0.04375000000000001 0.12791799999999998
1 0.22 0.25163399999999997 0.05375000000000002 0.04014999999999999
1 0.2359375 0.44211 0.075625 0.11297800000000002
1 0.23875 0.5485530000000001 0.05499999999999999 0.09430400000000005
1 0.26375 0.0247435 0.07125000000000001 0.042017
1 0.2528125 0.176004 0.019375000000000003 0.05135400000000001
1 0.268125 0.152661 0.04500000000000001 0.12044799999999999
1 0.2725 0.0074695 0.04625000000000001 0.014939
1 0.29593749999999996 0.1900095 0.033125000000000016 0.049487
1 0.30156249999999996 0.022876 0.03937499999999999 0.045752
1 0.3121875 0.0616245 0.03312499999999996 0.056022999999999996
1 0.34375 0.0074695 0.03500000000000003 0.014939
1 0.3503125 0.044818 0.03687500000000005 0.06349199999999999
1 0.4290625 0.0074695 0.023125000000000007 0.014939
1 0.44999999999999996 0.11437900000000001 0.03999999999999998 0.027078000000000005
1 0.45781249999999996 0.0238095 0.044375 0.047619
1 0.485625 0.0849675 0.05124999999999996 0.078431
1 0.496875 0.146592 0.04375000000000007 0.07283
1 0.505 0.029412 0.04750000000000004 0.058824
1 0.5090625 0.067694 0.026874999999999982 0.025209999999999996
1 0.525 0.395892 0.05125000000000002 0.084034
1 0.5328125 0.114846 0.059374999999999956 0.080298
1 0.5415625 0.195612 0.07687499999999992 0.101774
1 0.536875 0.31185799999999997 0.05624999999999991 0.08029800000000004
1 0.541875 0.041083 0.05875000000000008 0.082166
1 0.5578125 0.3384685 0.021874999999999978 0.07189500000000004
1 0.5546875 0.1507935 0.013125000000000053 0.03081299999999998
1 0.5818749999999999 0.0980395 0.057499999999999996 0.093371
1 0.5915625 0.2464985 0.07687500000000003 0.091503
1 0.600625 0.169001 0.06874999999999998 0.070962
1 0.5796874999999999 0.0168065 0.01937500000000003 0.033613
1 0.5821875 0.040616 0.024375000000000036 0.025209999999999996
1 0.6 0.16620000000000001 0.050000000000000044 0.08403400000000001
1 0.6178125000000001 0.069561 0.083125 0.043884
1 0.6171875 0.044351 0.07437500000000008 0.036414
1 0.6065625 0.012138 0.03687499999999999 0.024276
1 0.6090625000000001 0.1162465 0.02937500000000004 0.034546999999999994
1 0.6403125000000001 0.19747900000000002 0.07437499999999997 0.11297800000000002
1 0.6384375 0.1167135 0.05812499999999998 0.08029900000000001
1 0.66875 0.0653595 0.04874999999999996 0.078431
1 0.6684375 0.12978499999999998 0.03562500000000002 0.076564
1 0.6725 0.0140055 0.03374999999999995 0.028011
1 0.6921875 0.035014 0.041874999999999996 0.070028
1 0.700625 0.08543400000000001 0.036250000000000004 0.030811999999999992
1 0.7053125 0.11111099999999999 0.028124999999999956 0.05228799999999999
1 0.7115625 0.1199815 0.02562500000000001 0.045751000000000014
1 0.7203125 0.051353499999999996 0.026874999999999982 0.054155
