1 0.0065665 0.45406250000000004 0.013133 0.049375
1 0.0075045 0.7690625 0.015009 0.03562500000000002
1 0.010319 0.81 0.020638 0.04250000000000009
1 0.0168855 0.5690625 0.033771 0.06312499999999999
1 0.0178235 0.885 0.035647 0.04625000000000001
1 0.019231 0.849375 0.038462 0.05624999999999991
1 0.056285 0.9290625 0.11257 0.05812499999999998
1 0.0600375 0.2453125 0.120075 0.08687500000000001
1 0.120544 0.9771875 0.241088 0.04437500000000005
1 0.0347095 0.7887500000000001 0.054409 0.05500000000000005
1 0.05863 0.75625 0.066604 0.05125000000000002
1 0.0590995 0.8803125 0.050657 0.04937500000000006
1 0.1022515 0.1259375 0.13320900000000002 0.09062500000000001
1 0.07176350000000001 0.800625 0.057223 0.04125000000000001
1 0.115385 0.4146875 0.10694200000000001 0.080625
1 0.12429599999999999 0.27531249999999996 0.109756 0.08187499999999998
1 0.09005650000000001 0.885 0.035647 0.04625000000000001
1 0.119606 0.7637499999999999 0.059100000000000014 0.05625000000000002
1 0.11116300000000001 0.940625 0.03846200000000001 0.03749999999999998
1 0.1346155 0.558125 0.074109 0.05125000000000002
1 0.17307650000000002 0.326875 0.12101300000000001 0.08875000000000005
1 0.1655725 0.4640625 0.100375 0.09437499999999999
1 0.181989 0.916875 0.10694200000000001 0.05624999999999991
1 0.1819885 0.7784375 0.07692300000000002 0.05812499999999998
1 0.2152905 0.055625 0.137899 0.09749999999999999
1 0.1655725 0.5778125000000001 0.032833 0.021874999999999978
1 0.1665105 0.881875 0.030957000000000012 0.04249999999999998
1 0.2115385 0.553125 0.08536499999999997 0.06499999999999995
1 0.193715 0.8803125 0.04409000000000002 0.04937500000000006
1 0.229831 0.423125 0.10506599999999999 0.06375000000000003
1 0.230769 0.37187499999999996 0.10319 0.07
1 0.2368665 0.2728125 0.11538500000000002 0.07312500000000002
1 0.20544099999999998 0.87 0.04127600000000001 0.0462499999999999
1 0.204034 0.588125 0.023452 0.018750000000000044
1 0.2359285 0.8534375000000001 0.051595 0.04437499999999994
1 0.24484050000000002 0.5828125 0.04878099999999999 0.03937500000000005
1 0.250938 0.9640625 0.045966000000000035 0.04437499999999994
1 0.2884615 0.3175 0.10975699999999997 0.08374999999999999
1 0.2560975 0.9040625 0.041275000000000006 0.038124999999999964
1 0.261726 0.926875 0.03564800000000001 0.03249999999999997
1 0.31801100000000004 0.0240625 0.14821800000000002 0.048125
1 0.2912755 0.5496875 0.079737 0.06812499999999999
1 0.32035650000000004 0.40437500000000004 0.107879 0.06
1 0.292214 0.8990625000000001 0.04596600000000001 0.030625000000000013
1 0.3217635 0.47468750000000004 0.090057 0.07687500000000003
1 0.33958699999999997 0.3615625 0.10506600000000005 0.080625
1 0.35788 0.26937500000000003 0.13039399999999995 0.07375000000000001
1 0.3536585 0.9578125 0.118199 0.03937500000000005
1 0.33349 0.58375 0.066604 0.05125000000000002
1 0.370544 0.1140625 0.12570399999999998 0.09562499999999999
1 0.36397749999999995 0.44125000000000003 0.09193299999999999 0.07500000000000001
1 0.36913700000000005 0.5478125 0.08724199999999999 0.07562499999999994
1 0.3677295 0.9075 0.033770999999999995 0.03749999999999998
1 0.394934 0.5846875 0.046904 0.06312499999999999
1 0.4127575 0.516875 0.07692299999999996 0.06499999999999995
1 0.401032 0.8878125 0.038461999999999996 0.03937499999999994
1 0.437148 0.31999999999999995 0.11069400000000001 0.07500000000000001
1 0.411351 0.8184374999999999 0.04409000000000002 0.030625000000000013
1 0.4549715 0.4565625 0.099437 0.07187499999999997
1 0.456379 0.7753125000000001 0.05159399999999997 0.03937500000000005
1 0.4807695 0.0096875 0.10037499999999999 0.019375
1 0.489681 0.36 0.10694199999999998 0.08750000000000002
1 0.46669799999999995 0.7546875 0.057224 0.04937500000000006
1 0.4704505 0.5565625000000001 0.05909900000000001 0.04437499999999994
1 0.4765475 0.8134375 0.056284999999999974 0.05812499999999998
1 0.511257 0.1278125 0.12570399999999998 0.095625
1 0.476079 0.7375 0.038461999999999996 0.036250000000000004
1 0.479362 0.9534374999999999 0.04127599999999998 0.030625000000000013
1 0.488274 0.58375 0.05909999999999993 0.05125000000000002
1 0.5 0.72125 0.08255199999999996 0.057499999999999996
1 0.5065664999999999 0.4771875 0.09005699999999994 0.08187499999999992
1 0.4817075 0.895625 0.030957000000000012 0.04125000000000001
1 0.501407 0.9365625 0.03846200000000005 0.024375000000000036
1 0.5051595 0.8759375 0.04033700000000001 0.03562500000000002
1 0.545028 0.3059375 0.11069400000000001 0.07187499999999997
1 0.516886 0.900625 0.043152000000000024 0.03374999999999995
1 0.5295495 0.5246875 0.053471000000000046 0.06687499999999996
1 0.5384614999999999 0.5575 0.071295 0.07000000000000006
1 0.750938 0.7153125 0.496248 0.12812500000000004
1 0.57833 0.06125 0.130394 0.10250000000000001
1 0.5281425 0.9365625 0.02626699999999993 0.024375000000000036
1 0.55863 0.40031249999999996 0.08724199999999993 0.08187499999999998
1 0.5717635000000001 0.25375000000000003 0.11350899999999997 0.08375000000000002
1 0.564259 0.45125000000000004 0.09287000000000001 0.065
1 0.5511255 0.6846875 0.060975 0.06687500000000002
1 0.7129455 0.8075 0.38461499999999993 0.09375
1 0.5478425 0.8715625 0.02814300000000003 0.026874999999999982
1 0.5717639999999999 0.5709375 0.04596600000000006 0.04937499999999995
1 0.5999065 0.3496875 0.10225100000000009 0.083125
1 0.597092 0.520625 0.08724199999999993 0.07499999999999996
1 0.624296 0.68625 0.08536599999999994 0.07374999999999998
1 0.601313 0.8871875 0.022513999999999923 0.030625000000000013
1 0.653846 0.11906249999999999 0.12758000000000003 0.08562499999999999
1 0.620544 0.933125 0.04596599999999995 0.03125
1 0.6496245 0.4528125 0.09474700000000003 0.08187500000000003
1 0.6332085000000001 0.54375 0.05628500000000003 0.05625000000000002
1 0.665103 0.38625 0.08442799999999995 0.065
1 0.6805815 0.255 0.10037499999999999 0.07499999999999998
1 0.699812 0.048125 0.133208 0.09625
1 0.659006 0.865625 0.04596599999999995 0.03249999999999997
1 0.6547845 0.9228125 0.02814300000000003 0.026874999999999982
1 0.704034 0.3325 0.10975600000000008 0.08374999999999999
1 0.694653 0.54625 0.08161399999999996 0.07000000000000006
1 0.6871484999999999 0.9203125 0.030957000000000012 0.02562500000000001
1 0.696529 0.8784375 0.038461999999999996 0.030625000000000013
1 0.69606 0.465 0.03377199999999991 0.057499999999999996
1 0.727017 0.41031249999999997 0.09005600000000002 0.06187499999999996
1 0.741088 0.68375 0.08255199999999996 0.05125000000000002
1 0.7575045 0.2934375 0.09474700000000003 0.06312499999999999
1 0.7349905 0.854375 0.03846100000000008 0.03750000000000009
1 0.7589115 0.3625 0.07692299999999996 0.07874999999999999
1 0.7870545 0.25593750000000004 0.11819899999999994 0.09062500000000001
1 0.825516 0.11406250000000001 0.13883599999999996 0.10437500000000001
1 0.80394 0.44625000000000004 0.08442799999999995 0.06875000000000003
1 0.8062855 0.9434375 0.07410899999999998 0.05812499999999998
1 0.8297375 0.406875 0.10037499999999999 0.08250000000000002
1 0.843809 0.353125 0.10787999999999998 0.07375000000000004
1 0.8489685 0.2896875 0.09756100000000001 0.07687500000000003
1 0.8860224999999999 0.8665625 0.053470999999999935 0.04437500000000005
1 0.8986864999999999 0.2490625 0.07879899999999995 0.07687499999999997
1 0.9315195000000001 0.0471875 0.135085 0.086875
1 0.944184 0.1140625 0.10975599999999996 0.076875
1 0.9455910000000001 0.23093750000000002 0.10694199999999998 0.115625
1 0.938555 0.3128125 0.08724200000000004 0.06812499999999999
1 0.9507505 0.34625 0.09662300000000001 0.07999999999999996
1 0.9319885 0.8459375 0.053471000000000046 0.038124999999999964
1 0.95591 0.504375 0.08630400000000005 0.05499999999999999
1 0.9676359999999999 0.390625 0.06285200000000002 0.036250000000000004
1 0.977955 0.530625 0.042213999999999974 0.04249999999999998
1 0.9826455000000001 0.015625 0.032833 0.03125
