0 0.5025000000000001 0.5129165 0.16875 0.08416700000000005
0 0.4740625 0.4008335 0.02937500000000004 0.021666999999999992
0 0.56 0.6516665 0.09249999999999992 0.05833299999999997
0 0.5684374999999999 0.5775 0.02937500000000004 0.013333999999999957
0 0.5690625 0.59375 0.030625000000000013 0.012499999999999956
0 0.6231249999999999 0.524583 0.12124999999999997 0.07749999999999996
0 0.6421874999999999 0.27958299999999997 0.09187500000000004 0.08249999999999999
0 0.6409374999999999 0.629167 0.01937500000000003 0.010000000000000009
0 0.7737499999999999 0.327917 0.039999999999999925 0.017500000000000016
0 0.8143750000000001 0.0479165 0.10875000000000001 0.07416700000000001
0 0.8771875 0.54375 0.171875 0.06416600000000006
0 0.8446875 0.3595835 0.01937500000000003 0.035833000000000004
0 0.8540625 0.4179165 0.024374999999999925 0.029167
0 0.8734375 0.6379170000000001 0.014375000000000027 0.01749999999999996
0 0.9003125 0.489583 0.014375000000000027 0.017500000000000016
0 0.9143749999999999 0.4191665 0.032500000000000084 0.04166700000000001
0 0.926875 0.46041699999999997 0.043749999999999956 0.03750000000000003
0 0.9528125000000001 0.730417 0.09312500000000001 0.12749999999999995
0 0.9921875 0.5237499999999999 0.014375000000000027 0.03416600000000003
