1 0.0188285 0.6221875 0.037657 0.04312500000000008
1 0.101255 0.6025 0.11213399999999998 0.17374999999999996
1 0.1602515 0.5375 0.121339 0.27999999999999997
1 0.127197 0.646875 0.018409999999999996 0.022499999999999964
1 0.275732 0.5596875 0.11464400000000002 0.174375
1 0.338912 0.579375 0.06192399999999998 0.16250000000000003
1 0.40962350000000003 0.5675 0.12970699999999996 0.19999999999999996
1 0.4221755 0.57375 0.09121299999999999 0.05125000000000002
1 0.435983 0.44625000000000004 0.08200799999999997 0.06
1 0.47824300000000003 0.605 0.11631800000000003 0.14500000000000002
1 0.49205049999999995 0.4925 0.08033499999999999 0.09750000000000003
1 0.546862 0.5856250000000001 0.11631800000000003 0.13
1 0.5309625 0.5546875 0.07615100000000002 0.19187500000000002
1 0.548954 0.7084375 0.10544000000000003 0.1293749999999999
1 0.639749 0.5921875 0.14142199999999994 0.06812499999999999
1 0.611297 0.5846875 0.077824 0.104375
1 0.6761505 0.53 0.06861899999999999 0.2
1 0.712552 0.7296875 0.133054 0.19437500000000008
1 0.7125520000000001 0.4925 0.04100399999999993 0.11249999999999993
1 0.78159 0.36375 0.130544 0.10125
1 0.7506275 0.48625 0.030124999999999957 0.05500000000000005
1 0.7790795 0.4759375 0.04184100000000002 0.07187499999999997
1 0.8 0.511875 0.06862000000000001 0.04750000000000004
1 0.792887 0.6753125 0.027616000000000085 0.034375000000000044
1 0.8548115000000001 0.44875 0.139749 0.11749999999999994
1 0.933473 0.4340625 0.07280400000000009 0.05812499999999998
1 0.974477 0.4440625 0.04937199999999997 0.02062499999999995
