1 0.0453125 0.43105099999999996 0.090625 0.10788000000000003
1 0.0459375 0.356942 0.091875 0.113508
1 0.1165625 0.3864915 0.076875 0.15947499999999998
1 0.131875 0.4272985 0.04625 0.05347099999999999
1 0.169375 0.42636050000000003 0.04749999999999999 0.09474699999999997
1 0.2053125 0.371951 0.06562500000000002 0.038461999999999996
1 0.21625 0.4282365 0.06625 0.10225100000000004
1 0.286875 0.4090055 0.11750000000000002 0.155723
1 0.32906250000000004 0.4272985 0.04562499999999997 0.05722299999999997
1 0.4090625 0.420732 0.16562500000000002 0.13227
1 0.3528125 0.386961 0.021875000000000033 0.02345200000000003
1 0.4603125 0.3621015 0.06312499999999999 0.06941900000000001
1 0.48906249999999996 0.412758 0.03562499999999996 0.07879999999999998
1 0.593125 0.38602250000000005 0.19500000000000006 0.20919300000000002
1 0.7184375000000001 0.4188555 0.06937500000000008 0.08348900000000004
1 0.7971874999999999 0.2650095 0.1831250000000001 0.32926900000000003
1 0.8671875 0.4075985 0.07187499999999991 0.12101299999999998
1 0.9071875 0.380863 0.06562499999999993 0.14446599999999998
1 0.958125 0.3114445 0.08250000000000002 0.23264500000000002
1 0.959375 0.4080675 0.053749999999999964 0.10131300000000004
