1 0.2709375 0.232109 0.01937500000000003 0.055555999999999967
1 0.2809375 0.26883250000000003 0.03187499999999999 0.04802299999999998
1 0.290625 0.220339 0.036250000000000004 0.07156399999999999
1 0.2990625 0.305556 0.03187499999999999 0.04425599999999996
1 0.31437499999999996 0.2749525 0.03999999999999998 0.07156300000000002
1 0.471875 0.177966 0.05999999999999994 0.08474600000000002
1 0.46468750000000003 0.09887 0.033125000000000016 0.08474600000000002
1 0.495625 0.2410545 0.053749999999999964 0.07344700000000001
1 0.5109375 0.0974575 0.06687500000000007 0.12523499999999999
1 0.5290625 0.2123355 0.06937499999999996 0.127119
