0 0.184375 0.31625000000000003 0.036250000000000004 0.025833999999999968
0 0.38656250000000003 0.4879165 0.12562500000000004 0.07416700000000004
0 0.34625 0.507917 0.03249999999999997 0.03749999999999998
0 0.4328125 0.64625 0.016874999999999973 0.022499999999999964
0 0.44156249999999997 0.5854165 0.018125000000000002 0.02083299999999999
0 0.45062500000000005 0.1495835 0.03375 0.024166999999999994
0 0.4703125 0.377083 0.021875000000000033 0.02749999999999997
0 0.51625 0.3029165 0.053749999999999964 0.030833
0 0.515 0.261667 0.020000000000000018 0.035
0 0.5428124999999999 0.5870835 0.021874999999999978 0.02416700000000005
0 0.6131249999999999 0.09125 0.036250000000000004 0.014165999999999998
0 0.653125 0.6295835 0.028749999999999942 0.025832999999999995
0 0.6596875 0.5483335 0.02562500000000001 0.043332999999999955
0 0.6853125 0.5129170000000001 0.02562500000000001 0.02749999999999997
0 0.77 0.5570835000000001 0.050000000000000044 0.060833000000000026
0 0.829375 0.5645830000000001 0.03749999999999998 0.02749999999999997
