0 0.08 0.7666664999999999 0.03 0.04166700000000001
0 0.115625 0.9070835 0.04125000000000001 0.035833000000000004
0 0.173125 0.48375 0.034999999999999976 0.08083400000000007
0 0.19187500000000002 0.93375 0.02125000000000002 0.030834000000000028
0 0.2240625 0.98375 0.030625000000000013 0.030834000000000028
0 0.3565625 0.5220830000000001 0.03687499999999999 0.03749999999999998
0 0.5234375 0.8591664999999999 0.21562499999999996 0.166667
0 0.560625 0.45333350000000006 0.11499999999999999 0.15166700000000005
0 0.6299999999999999 0.9870835 0.036250000000000004 0.02416700000000005
0 0.673125 0.7066665 0.11750000000000005 0.19333299999999998
0 0.6759375000000001 0.6591670000000001 0.11312500000000003 0.08500000000000008
0 0.808125 0.7125 0.07250000000000001 0.063334
0 0.8428125 0.350833 0.02562500000000001 0.040000000000000036
