1 0.0884375 0.38371 0.176875 0.417138
1 0.1328125 0.037194 0.07437500000000001 0.074388
1 0.2028125 0.286723 0.168125 0.347458
1 0.24375000000000002 0.1181735 0.11624999999999999 0.236347
1 0.34781249999999997 0.5160075000000001 0.13687500000000002 0.31073500000000004
1 0.3109375 0.015066 0.033125000000000016 0.030132
1 0.3571875 0.7631825000000001 0.09187499999999998 0.164783
1 0.368125 0.211864 0.10875000000000001 0.21280600000000002
1 0.3975 0.19303199999999998 0.09875 0.222222
1 0.40937500000000004 0.4533895 0.10625000000000001 0.270245
1 0.4115625 0.044256 0.06812499999999999 0.088512
1 0.4296875 0.774482 0.06562500000000004 0.132768
1 0.4578125 0.381827 0.078125 0.19303200000000004
1 0.4546875 0.183616 0.06687499999999996 0.15254199999999998
1 0.4978125 0.7641245000000001 0.07312500000000005 0.115819
1 0.525625 0.6181735 0.11125000000000007 0.245763
1 0.5390625 0.250471 0.06437500000000007 0.13936
1 0.5475 0.4218455 0.07250000000000001 0.15630899999999998
1 0.606875 0.634652 0.09750000000000003 0.22787200000000007
1 0.628125 0.4717515 0.04999999999999993 0.06779700000000005
1 0.6390625 0.5282485 0.059374999999999956 0.08851300000000006
1 0.67875 0.775424 0.05625000000000002 0.10451999999999995
1 0.6812499999999999 0.4821095 0.05874999999999997 0.09604500000000005
1 0.68375 0.582392 0.053749999999999964 0.108286
1 0.6903125 0.708098 0.059374999999999956 0.1431260000000001
1 0.7293750000000001 0.6548965 0.057499999999999996 0.10640300000000003
1 0.725625 0.5710919999999999 0.02375000000000005 0.05367200000000005
