1 0.1775 0.2184375 0.131666 0.109375
1 0.25041650000000004 0.19375 0.059167000000000025 0.08374999999999999
1 0.48375 0.065 0.22083399999999997 0.13
1 0.5245835000000001 0.079375 0.17583300000000002 0.15875
1 0.6375 0.0553125 0.09500000000000008 0.09062500000000001
1 0.6112500000000001 0.025625 0.03916599999999992 0.05125
1 0.65 0.0984375 0.061666 0.053125000000000006
1 0.7254164999999999 0.0240625 0.18916699999999997 0.048125
1 0.7316665 0.011875 0.161667 0.02375
1 0.799167 0.166875 0.05500000000000005 0.065
1 0.936667 0.0465625 0.125 0.093125
