1 0.2634375 0.9036655 0.12812500000000002 0.190789
1 0.22312500000000002 0.282895 0.04500000000000001 0.07706800000000003
1 0.2396875 0.21334550000000002 0.03687499999999999 0.069549
1 0.22625 0.32706749999999996 0.007500000000000007 0.018797000000000008
1 0.2621875 0.34257550000000003 0.06437499999999999 0.10808299999999998
1 0.2634375 0.23637249999999999 0.06687499999999999 0.10808300000000001
1 0.33875 0.9840225 0.065 0.030074999999999963
1 0.3909375 0.904605 0.12937500000000002 0.1889099999999999
1 0.6725000000000001 0.9769734999999999 0.09999999999999998 0.04417299999999991
1 0.6825 0.880639 0.1100000000000001 0.16729399999999994
1 0.7546875 0.9656955 0.07937500000000008 0.06672899999999993
1 0.7384375000000001 0.26033850000000003 0.03937500000000005 0.054511000000000004
1 0.78625 0.8665415 0.10749999999999993 0.16541300000000003
1 0.7453125 0.300752 0.013124999999999942 0.022555999999999965
1 0.755 0.3026315 0.006250000000000089 0.02255700000000005
1 0.7665625 0.25047 0.016874999999999973 0.019736000000000004
1 0.8075 0.974154 0.03750000000000009 0.04981199999999997
1 0.9665625 0.950188 0.06562500000000004 0.09774399999999994
1 0.9940625000000001 0.9003760000000001 0.010624999999999996 0.08270600000000006
