1 0.4240625 0.0504165 0.06437500000000002 0.07083300000000001
1 0.4821875 0.23625000000000002 0.13437499999999997 0.19416599999999998
1 0.47781250000000003 0.0545835 0.06062500000000004 0.075833
1 0.491875 0.10250000000000001 0.04500000000000004 0.041665999999999995
1 0.5346875 0.0829165 0.05812499999999998 0.094167
1 0.5509375 0.12958350000000002 0.059374999999999956 0.064167
1 0.608125 0.22375 0.14625 0.19416599999999998
1 0.58875 0.1166665 0.0475000000000001 0.04166700000000001
1 0.770625 0.116667 0.03125 0.04500000000000001
1 0.7831250000000001 0.07125 0.04500000000000004 0.039166
1 0.7978125 0.138333 0.030625000000000013 0.05
1 0.80125 0.0875 0.03249999999999997 0.045
1 0.819375 0.06958349999999999 0.03749999999999998 0.045833
1 0.819375 0.1641665 0.03500000000000003 0.046666999999999986
1 0.82875 0.119167 0.03374999999999995 0.04999999999999999
1 0.8296875 0.1504165 0.016874999999999973 0.035833000000000004
