1 0.186719 0.1489585 0.04843799999999998 0.04791699999999999
1 0.1953125 0.183333 0.046875 0.0625
1 0.2335935 0.1385415 0.03906299999999999 0.047917
1 0.2390625 0.1104165 0.046875 0.05416700000000001
1 0.246875 0.158333 0.04062599999999997 0.0625
1 0.291406 0.190625 0.051562 0.056249999999999994
1 0.28828149999999997 0.15000000000000002 0.04218700000000003 0.04166600000000001
1 0.4242185 0.4302085 0.07031299999999996 0.08958299999999997
1 0.6109375 0.615625 0.08750100000000005 0.12708399999999997
1 0.6726559999999999 0.7885420000000001 0.10156200000000004 0.11875000000000002
1 0.7593749999999999 0.817708 0.09999999999999998 0.11874999999999991
