0 0.0884375 0.1041275 0.176875 0.14821700000000002
0 0.2003125 0.31144499999999997 0.019375000000000003 0.02063799999999999
0 0.4034375 0.4136965 0.293125 0.44465299999999996
0 0.2790625 0.581144 0.01937500000000003 0.02157600000000004
0 0.3375 0.42870549999999996 0.05249999999999999 0.052532999999999996
0 0.36531250000000004 0.47514100000000004 0.023125000000000007 0.017824000000000007
0 0.5028125 0.314728 0.07312500000000005 0.042213999999999974
0 0.589375 0.160882 0.10250000000000004 0.104128
0 0.590625 0.5684804999999999 0.022500000000000075 0.015008999999999939
0 0.6053124999999999 0.553002 0.01937500000000003 0.02345200000000003
0 0.6168750000000001 0.5248595 0.011250000000000093 0.014071000000000056
0 0.6296875 0.5056285 0.011874999999999969 0.01313299999999995
0 0.64125 0.48076949999999996 0.013749999999999929 0.014071
0 0.6753125 0.0492495 0.030625000000000013 0.032833
0 0.744375 0.45590949999999997 0.16375000000000006 0.20637900000000003
0 0.7321875 0.27439 0.02562500000000001 0.038461999999999996
0 0.7759375 0.27579750000000003 0.01937500000000003 0.018760999999999972
0 0.794375 0.416979 0.04625000000000001 0.042213999999999974
