1 0.0109375 0.412083 0.021875 0.08249999999999996
1 0.0246875 0.599167 0.049375 0.1499999999999999
1 0.1128125 0.32 0.061874999999999986 0.10166600000000003
1 0.1653125 0.54625 0.060624999999999984 0.08583399999999997
1 0.2459375 0.26416649999999997 0.07437500000000002 0.096667
1 0.39437500000000003 0.6845829999999999 0.12625000000000003 0.1974999999999999
1 0.3628125 0.44 0.060624999999999984 0.08833400000000002
1 0.369375 0.16291650000000002 0.025000000000000022 0.044166999999999984
1 0.3978125 0.0925 0.02437499999999998 0.048334
1 0.41593749999999996 0.11125000000000002 0.029374999999999984 0.05916600000000001
1 0.46687500000000004 0.2608335 0.10625000000000001 0.146667
1 0.4603125 0.0275 0.030625000000000013 0.049999999999999996
1 0.550625 0.33166700000000005 0.04125000000000001 0.065
1 0.5909375 0.12 0.023125000000000062 0.044999999999999984
1 0.6078125000000001 0.0779165 0.051875000000000004 0.07416700000000001
1 0.6353125 0.304167 0.0893750000000001 0.12000000000000002
1 0.6975 0.2191665 0.04499999999999993 0.06333299999999997
1 0.81125 0.24583349999999998 0.03749999999999998 0.05166699999999999
1 0.8271875 0.2716665 0.046875 0.061667
1 0.8453124999999999 0.16041650000000002 0.030625000000000013 0.05416699999999999
1 0.85875 0.22749999999999998 0.03499999999999992 0.056665999999999966
1 0.8987499999999999 0.24666700000000003 0.07874999999999999 0.11500000000000002
1 0.9390625 0.1925 0.026874999999999982 0.04166600000000001
1 0.9428125 0.23249999999999998 0.024374999999999925 0.043333999999999984
1 0.9640625 0.12708350000000002 0.06687500000000002 0.07583300000000001
1 0.99 0.1904165 0.018750000000000044 0.069167
