1 0.0796875 0.8220835 0.023124999999999993 0.03416699999999995
1 0.09 0.724167 0.015 0.020000000000000018
1 0.11031250000000001 0.5354165 0.01937499999999999 0.029167000000000054
1 0.210625 0.4633335 0.03 0.046667000000000014
1 0.2684375 0.87375 0.020625000000000004 0.02416600000000002
1 0.27718750000000003 0.7095835 0.02812500000000001 0.035833000000000004
1 0.2790625 0.8404165 0.021874999999999978 0.035833000000000004
1 0.420625 0.8970835 0.007500000000000007 0.015832999999999986
1 0.4446875 0.8241665 0.011875000000000024 0.01333300000000004
1 0.49374999999999997 0.8291665 0.02749999999999997 0.03833299999999995
1 0.518125 0.4741665 0.029999999999999916 0.04166700000000001
1 0.5671875 0.8720835 0.011874999999999969 0.01416700000000004
1 0.66875 0.6820835000000001 0.03125 0.03916700000000006
1 0.7165625 0.92625 0.018124999999999947 0.025834000000000024
1 0.775625 0.4841665 0.03875000000000006 0.053332999999999964
1 0.7759375 0.53125 0.03312499999999996 0.0475000000000001
1 0.86625 0.503333 0.06500000000000006 0.09999999999999998
1 0.9346875 0.8841665 0.015625 0.016666999999999987
