0 0.0125 0.182083 0.025 0.0325
0 0.378125 0.5704165 0.75625 0.37583300000000003
0 0.026875 0.1654165 0.026250000000000002 0.01916699999999999
0 0.03125 0.45958299999999996 0.0325 0.02250000000000002
0 0.043125 0.4820835 0.03375 0.025832999999999995
0 0.0821875 0.074583 0.025624999999999995 0.027499999999999997
0 0.09625 0.4525 0.036250000000000004 0.030000000000000027
0 0.113125 0.20458300000000001 0.03375 0.0325
0 0.13749999999999998 0.24125 0.03874999999999999 0.030833999999999973
0 0.150625 0.493333 0.06500000000000002 0.05499999999999999
0 0.1428125 0.39208350000000003 0.02562500000000001 0.02583300000000005
0 0.1725 0.182083 0.060000000000000026 0.057499999999999996
0 0.1628125 0.20958349999999998 0.03187499999999999 0.07416700000000001
0 0.175 0.26625 0.04374999999999998 0.029166000000000025
0 0.1665625 0.42500000000000004 0.021874999999999978 0.018334000000000017
0 0.18937500000000002 0.3216665 0.04374999999999998 0.036667000000000005
0 0.19 0.2191665 0.035 0.016667000000000015
0 0.2165625 0.3020835 0.023125000000000007 0.02083299999999999
0 0.2240625 0.2779165 0.030625000000000013 0.024166999999999994
0 0.2346875 0.41875 0.020625000000000004 0.02416600000000002
0 0.2471875 0.367083 0.02312499999999998 0.01749999999999996
0 0.2609375 0.077083 0.024375000000000008 0.012500000000000011
0 0.303125 0.270833 0.036250000000000004 0.020000000000000018
0 0.306875 0.20708300000000002 0.03125 0.027499999999999997
0 0.3359375 0.355417 0.08437499999999998 0.07250000000000001
0 0.3521875 0.32 0.05437500000000001 0.09166600000000003
0 0.3421875 0.33375 0.02437499999999998 0.015834000000000015
0 0.3621875 0.222083 0.020625000000000004 0.02250000000000002
0 0.4346875 0.1279165 0.15812500000000002 0.130833
0 0.384375 0.13624999999999998 0.03375 0.024165999999999993
0 0.3959375 0.3945835 0.03562500000000002 0.034167
0 0.401875 0.0504165 0.044999999999999984 0.024167
0 0.3984375 0.273333 0.02312499999999995 0.015000000000000013
0 0.40625 0.2604165 0.026249999999999996 0.02083299999999999
0 0.410625 0.325 0.034999999999999976 0.033333999999999975
0 0.4165625 0.23375 0.02312499999999995 0.01916599999999999
0 0.421875 0.3829165 0.03374999999999995 0.034167
0 0.43718749999999995 0.3670835 0.023125000000000007 0.02083299999999999
0 0.44375 0.46875 0.023749999999999993 0.03416600000000003
0 0.5134375 0.3225 0.10812500000000003 0.05166599999999999
0 0.49906249999999996 0.163333 0.023125000000000007 0.015000000000000013
0 0.5078125 0.23208299999999998 0.021875000000000033 0.012499999999999983
0 0.5115625 0.25375000000000003 0.016874999999999973 0.017500000000000016
0 0.5278125 0.4275 0.023125000000000062 0.016666000000000014
0 0.55375 0.3679165 0.04375000000000007 0.029167
0 0.5453125 0.39208299999999996 0.024375000000000036 0.02250000000000002
0 0.5762499999999999 0.3508335 0.03500000000000003 0.033333
0 0.5956250000000001 0.4454165 0.02749999999999997 0.01916699999999999
0 0.6212500000000001 0.25083350000000004 0.07625000000000004 0.05333300000000002
0 0.5934375 0.40541649999999996 0.015625 0.024166999999999994
0 0.6187499999999999 0.45166649999999997 0.016249999999999987 0.016667000000000043
0 0.6453125 0.36875 0.02562500000000001 0.020833999999999964
0 0.686875 0.565833 0.03875000000000006 0.050000000000000044
0 0.6859375 0.37083350000000004 0.034375000000000044 0.038333000000000006
0 0.6865625 0.1416665 0.030625000000000013 0.05833300000000001
0 0.708125 0.179583 0.040000000000000036 0.027499999999999997
0 0.71375 0.3225 0.03125 0.020000000000000018
0 0.7228125000000001 0.0304165 0.03312499999999996 0.035833000000000004
0 0.7778125 0.03125 0.104375 0.0625
0 0.7518750000000001 0.52125 0.02749999999999997 0.03249999999999997
0 0.7646875 0.47125 0.01937500000000003 0.019166000000000016
0 0.7690625 0.3516665 0.018124999999999947 0.016666999999999987
0 0.771875 0.2695835 0.023749999999999938 0.025832999999999995
0 0.7803125 0.6429165 0.014375000000000027 0.01416700000000004
0 0.79625 0.4604165 0.03875000000000006 0.030833
0 0.79125 0.312917 0.026249999999999996 0.022499999999999964
0 0.7871875 0.63 0.015625 0.011665999999999954
0 0.79125 0.6170835 0.012499999999999956 0.01416700000000004
0 0.813125 0.39208299999999996 0.03875000000000006 0.03250000000000003
0 0.8046875 0.6012500000000001 0.01937499999999992 0.020833999999999908
0 0.8084375 0.5816665000000001 0.014375000000000027 0.021666999999999992
0 0.8196875 0.5604165000000001 0.018124999999999947 0.02083299999999999
0 0.834375 0.18375000000000002 0.040000000000000036 0.029165999999999997
0 0.82875 0.5354165 0.012499999999999956 0.019167000000000045
0 0.884375 0.3304165 0.03125 0.019167000000000045
0 0.925 0.3670835 0.02749999999999997 0.024166999999999994
