0 0.0440625 0.16083350000000002 0.016875 0.018333000000000016
0 0.0528125 0.1054165 0.025625000000000002 0.014166999999999999
0 0.1675 0.1945835 0.036250000000000004 0.04083300000000001
0 0.203125 0.0308335 0.05249999999999999 0.041666999999999996
0 0.224375 0.23249999999999998 0.03375 0.04500000000000001
0 0.22749999999999998 0.13374999999999998 0.04000000000000001 0.025833999999999996
0 0.28125 0.22 0.043749999999999956 0.04833399999999999
0 0.34968750000000004 0.1354165 0.14437499999999998 0.12583300000000003
0 0.4665625 0.049999999999999996 0.08437500000000003 0.045
0 0.4978125 0.10333300000000001 0.06062499999999993 0.03499999999999999
0 0.9628125000000001 0.2033335 0.01937500000000003 0.04166700000000001
