1 0.175 0.6393055 0.03375 0.057223000000000024
1 0.20500000000000002 0.750469 0.037500000000000006 0.060037999999999925
1 0.2609375 0.49671699999999996 0.02562499999999998 0.042213999999999974
1 0.28625 0.8714824999999999 0.04625000000000001 0.07317099999999999
1 0.3071875 0.46951200000000004 0.02562500000000001 0.04596600000000001
1 0.330625 0.8189495 0.05500000000000005 0.07692300000000007
1 0.479375 0.854597 0.05249999999999999 0.08630400000000005
1 0.5025 0.393527 0.03999999999999998 0.06847999999999999
1 0.5003125 0.0764545 0.018125000000000002 0.032832999999999994
1 0.53375 0.7049719999999999 0.03874999999999995 0.05910000000000004
1 0.5240625 0.3705445 0.014375000000000027 0.011256999999999961
1 0.545 0.409944 0.05125000000000002 0.09005599999999997
1 0.5825 0.36116349999999997 0.05874999999999997 0.080675
1 0.6074999999999999 0.5196999999999999 0.039999999999999925 0.06003799999999998
1 0.7021875 0.9615385000000001 0.03187499999999999 0.061912999999999996
1 0.7046875 0.9939025 0.03687499999999999 0.010318999999999967
1 0.75875 0.1810505 0.057499999999999996 0.07317099999999999
1 0.8771875 0.9774860000000001 0.06937499999999996 0.04315199999999997
1 0.8868750000000001 0.8799250000000001 0.04500000000000004 0.08255200000000007
1 0.9940625000000001 0.6355535 0.010624999999999996 0.055347000000000035
