1 0.3228125 0.2570225 0.140625 0.18820299999999998
1 0.344375 0.9152625 0.14875 0.16760299999999995
1 0.6346875000000001 0.7991575 0.729375 0.399813
1 0.3690625 0.889513 0.12437500000000001 0.19663000000000008
1 0.4203125 0.7111425 0.13687500000000002 0.20692899999999992
1 0.554375 0.8647005 0.13374999999999998 0.26872699999999994
1 0.675625 0.8721909999999999 0.19625000000000004 0.2537459999999999
1 0.8831249999999999 0.936798 0.14 0.12453199999999998
1 0.9290624999999999 0.948034 0.13437500000000002 0.10205999999999993
1 0.9575 0.534176 0.08374999999999999 0.268726
