1 0.32843750000000005 0.877057 0.03437499999999999 0.06195600000000001
1 0.3565625 0.8514035 0.06812499999999999 0.11713499999999999
1 0.37 0.9390125 0.08499999999999996 0.06582699999999997
1 0.34125 0.7720235 0.02375000000000005 0.047435000000000005
1 0.3625 0.7526625 0.06374999999999997 0.126815
1 0.3803125 0.8310744999999999 0.04312499999999997 0.04937099999999994
1 0.3778125 0.743466 0.028124999999999956 0.032914
1 0.4096875 0.8727005 0.033125000000000016 0.049371000000000054
1 0.42 0.8538235000000001 0.04625000000000001 0.08712500000000001
1 0.4325 0.78122 0.05249999999999999 0.10067800000000005
1 0.45718749999999997 0.8121975 0.033125000000000016 0.08325300000000002
1 0.463125 0.8915774999999999 0.044999999999999984 0.08712500000000001
1 0.5378125 0.8039689999999999 0.07437499999999997 0.12100600000000006
1 0.5293749999999999 0.621491 0.04999999999999993 0.10648599999999997
1 0.5296875000000001 0.711036 0.041874999999999996 0.04162599999999994
1 0.5628125 0.7744435000000001 0.08812500000000001 0.12971900000000003
1 0.544375 0.904163 0.04375000000000007 0.07357200000000008
1 0.5590625 0.701355 0.02937499999999993 0.105518
1 0.5925 0.904163 0.06000000000000005 0.07357200000000008
1 0.59375 0.854792 0.050000000000000044 0.07744400000000007
1 0.5853125 0.708132 0.02562500000000001 0.035818000000000016
1 0.608125 0.6723135 0.053749999999999964 0.097773
1 0.6153124999999999 0.751694 0.06562499999999993 0.105518
1 0.63 0.64666 0.04125000000000001 0.10454999999999992
1 0.6487499999999999 0.8697965000000001 0.057499999999999996 0.126815
1 0.6596875 0.71152 0.04312499999999997 0.09487000000000001
1 0.6603125 0.8184899999999999 0.026874999999999982 0.04549799999999993
1 0.674375 0.6427879999999999 0.04749999999999999 0.06969999999999998
1 0.673125 0.7628265 0.03249999999999997 0.06195499999999998
1 0.70125 0.769119 0.05249999999999999 0.11713400000000007
1 0.7146875 0.6006775 0.06937499999999996 0.12294300000000002
1 0.7221875 0.715392 0.028124999999999956 0.10455000000000003
1 0.750625 0.7352369999999999 0.053749999999999964 0.10745400000000005
1 0.7384375 0.675702 0.016874999999999973 0.032914
1 0.7575 0.6369795 0.05249999999999999 0.09486899999999998
1 0.7415624999999999 0.78606 0.010624999999999996 0.029042000000000012
1 0.7628124999999999 0.5803484999999999 0.041874999999999996 0.059051000000000076
1 0.7621875 0.8059050000000001 0.02562500000000001 0.049370000000000025
1 0.7831250000000001 0.6703775000000001 0.05500000000000005 0.10551699999999997
1 0.7921875 0.7899324999999999 0.05812499999999998 0.09293300000000004
1 0.83125 0.71878 0.10999999999999999 0.11326199999999997
1 0.80375 0.5697 0.04500000000000004 0.140368
1 0.829375 0.6427879999999999 0.04125000000000001 0.09099800000000002
1 0.8453125 0.629235 0.03937499999999994 0.07938
1 0.8715625 0.648112 0.023125000000000062 0.04162599999999994
1 0.890625 0.7608905 0.0462499999999999 0.13359100000000002
1 0.90125 0.664085 0.043749999999999956 0.06969999999999998
1 0.9265625 0.89303 0.07437499999999997 0.14617600000000008
1 0.9075 0.835431 0.03374999999999995 0.04452999999999996
1 0.93 0.785092 0.05249999999999999 0.08131599999999994
1 0.9396875 0.746854 0.07187499999999991 0.11326199999999997
1 0.9203125 0.6321395000000001 0.023125000000000062 0.02129700000000001
1 0.9478125 0.661665 0.05312499999999998 0.09777399999999992
1 0.95875 0.587125 0.05125000000000002 0.10358200000000006
1 0.9740625 0.53485 0.05062500000000003 0.13262399999999996
1 0.9846874999999999 0.6747335 0.02937500000000004 0.15488900000000005
