1 0.003906 0.765007 0.007812 0.07174199999999997
1 0.0092775 0.43265 0.018555 0.14201999999999998
1 0.09082000000000001 0.8477304999999999 0.10351600000000001 0.1639830000000001
1 0.1953125 0.784773 0.15429700000000002 0.263544
1 0.271973 0.8396775 0.10449199999999997 0.17130299999999998
1 0.501465 0.8133235 0.12207000000000001 0.24158100000000005
1 0.47607449999999996 0.866032 0.05371100000000001 0.13616399999999995
1 0.6982425 0.462665 0.4667970000000001 0.863836
1 0.6362304999999999 0.7672034999999999 0.200195 0.278185
1 0.574219 0.8345535 0.07226600000000005 0.1903370000000001
1 0.7792965000000001 0.877745 0.06054700000000002 0.09516799999999992
1 0.8872070000000001 0.827233 0.12988199999999994 0.18155199999999994
1 0.9477534999999999 0.7320645 0.10253900000000005 0.24304499999999996
1 0.967773 0.8989750000000001 0.0625 0.07613400000000003
1 0.9697264999999999 0.8382135 0.042968999999999924 0.05710099999999996
