1 0.2925 0.4633335 0.04249999999999998 0.06333299999999997
1 0.29875 0.40666650000000004 0.05249999999999999 0.05333300000000002
1 0.33625 0.4033335 0.03249999999999997 0.05333300000000002
1 0.3425 0.45416650000000003 0.02999999999999997 0.058333000000000024
1 0.37375 0.3766665 0.044999999999999984 0.06333300000000003
1 0.389375 0.4308335 0.05124999999999996 0.06833300000000003
1 0.400625 0.509167 0.03875000000000001 0.065
1 0.40875 0.4575 0.03500000000000003 0.04833399999999999
1 0.41125 0.381667 0.030000000000000027 0.06
1 0.429375 0.3883335 0.04625000000000001 0.07333299999999998
1 0.4475 0.43333299999999997 0.04249999999999998 0.03999999999999998
