1 0.005174 0.7709375 0.010348 0.025624999999999898
1 0.014111 0.9109375 0.028222 0.06312499999999999
1 0.023048 0.7915625 0.046096 0.04312499999999997
1 0.02587 0.7246874999999999 0.05174 0.05312499999999998
1 0.0888995 0.9265625 0.177799 0.145625
1 0.0479775 0.7428125 0.069615 0.034375000000000044
1 0.051739999999999994 0.78375 0.035747999999999995 0.05124999999999991
1 0.078551 0.77375 0.053621999999999996 0.04125000000000001
1 0.092662 0.7196875 0.061148 0.03937500000000005
1 0.100188 0.8078125 0.061147999999999994 0.03437499999999993
1 0.1260585 0.7453125 0.06208899999999999 0.03937500000000005
1 0.138758 0.78375 0.066792 0.03749999999999998
