1 0.6972655 0.208333 0.05234300000000003 0.04374999999999998
1 0.7042965 0.317708 0.03828100000000001 0.07500000000000001
1 0.722656 0.23854150000000002 0.05625000000000002 0.089583
1 0.7621095 0.28125 0.06796899999999995 0.05416600000000005
1 0.757031 0.19114599999999998 0.051562 0.05729199999999998
1 0.7550779999999999 0.40885400000000005 0.04609399999999997 0.076042
1 0.758984 0.2265625 0.04609400000000008 0.05937499999999998
1 0.7531245 0.3666665 0.028124999999999956 0.02083299999999999
1 0.757031 0.1479165 0.03125 0.02083299999999999
1 0.8027340000000001 0.126042 0.06015599999999999 0.09374999999999999
1 0.8046875 0.248958 0.06093700000000002 0.06875
1 0.794531 0.378646 0.03906199999999993 0.05729200000000001
1 0.8125 0.1890625 0.05312600000000001 0.061458999999999986
1 0.8125 0.316146 0.029687999999999937 0.05729200000000001
1 0.8339840000000001 0.1848955 0.028905999999999987 0.06562500000000002
