0 0.0303125 0.77 0.060625 0.058334
0 0.0190625 0.6679165 0.025625000000000002 0.02083299999999999
0 0.1803125 0.5941665 0.02312499999999998 0.016666999999999987
0 0.5834375 0.631667 0.664375 0.665
0 0.3159375 0.6629165 0.030625000000000013 0.029166999999999943
0 0.320625 0.6708335000000001 0.03500000000000003 0.043332999999999955
0 0.3346875 0.6795835 0.019374999999999976 0.025832999999999995
0 0.5659375 0.39375000000000004 0.026874999999999982 0.02250000000000002
0 0.623125 0.0608335 0.11375000000000002 0.096667
0 0.5815625 0.45458350000000003 0.026874999999999982 0.020833000000000046
0 0.5896875 0.7095834999999999 0.015625 0.02083299999999999
0 0.6440625 0.527917 0.023125000000000062 0.022499999999999964
0 0.939375 0.6895835 0.07374999999999998 0.11916700000000002
