1 0.4340625 0.3674815 0.13562499999999994 0.23308299999999998
1 0.46875 0.107143 0.16874999999999996 0.214286
1 0.5596875 0.4530075 0.16687499999999994 0.22744300000000006
1 0.576875 0.29981199999999997 0.11624999999999996 0.152256
1 0.6209374999999999 0.06391 0.176875 0.12782
1 0.6140625 0.136748 0.14187500000000008 0.12688
1 0.7140625 0.3153195 0.16062500000000002 0.21334499999999998
1 0.72875 0.525376 0.17125 0.24060199999999993
1 0.7225 0.1522555 0.11250000000000004 0.154135
1 0.755625 0.0145675 0.09000000000000008 0.029135
1 0.8615625 0.130169 0.219375 0.260338
1 0.8215625 0.2894735 0.08812500000000001 0.08458699999999997
