1 0.0791665 0.13738 0.086111 0.12779600000000002
1 0.1166665 0.0670925 0.083333 0.076677
1 0.10555600000000001 0.40734800000000004 0.05 0.079872
1 0.122222 0.4440895 0.055555999999999994 0.06389700000000004
1 0.1597225 0.1501595 0.09166699999999998 0.140575
1 0.161111 0.405751 0.044443999999999984 0.06389799999999995
1 0.2444445 0.442492 0.10555499999999998 0.086262
1 0.32638900000000004 0.6341855000000001 0.09166599999999997 0.11182100000000006
1 0.3833335 0.3035145 0.094445 0.08945700000000001
1 0.5041665 0.309904 0.06944499999999998 0.051118
1 0.6375 0.21405749999999998 0.308334 0.22364299999999998
1 0.5375 0.0239615 0.06388799999999994 0.047923
1 0.7875000000000001 0.09584699999999999 0.08055599999999996 0.115016
1 0.8680555 0.08626199999999999 0.08611100000000005 0.140576
1 0.9013884999999999 0.046326 0.06388899999999997 0.073482
1 0.9333335 0.13738 0.08333299999999999 0.11501600000000001
