0 0.140625 0.518919 0.01718799999999998 0.02162200000000003
0 0.1617185 0.8905405 0.015625 0.029729000000000005
0 0.20937499999999998 0.1858105 0.04843800000000001 0.06891899999999998
0 0.28945350000000003 0.8087835 0.017968999999999957 0.031080999999999914
0 0.484375 0.802027 0.10937400000000003 0.093244
0 0.46914049999999996 0.5472969999999999 0.036719 0.07837799999999995
0 0.511328 0.7945945 0.049217999999999984 0.056756999999999946
0 0.589062 0.239865 0.018750000000000044 0.02027000000000001
0 0.803125 0.6027025 0.392188 0.602703
0 0.6816405000000001 0.60473 0.03203100000000003 0.033784000000000036
0 0.7230464999999999 0.829054 0.03203100000000003 0.03918999999999995
0 0.7585935 0.806081 0.028124999999999956 0.04189199999999993
0 0.816797 0.781081 0.07734400000000008 0.03783800000000004
