1 0.5321875 0.3000875 0.06062500000000004 0.06299299999999997
1 0.5396875 0.32764649999999995 0.03937499999999994 0.049869
1 0.545625 0.376203 0.04125000000000001 0.07523999999999997
1 0.5571875 0.2725285 0.04312499999999997 0.035870999999999986
1 0.580625 0.38320200000000004 0.05124999999999991 0.08049
1 0.5774999999999999 0.3276465 0.03749999999999998 0.044618999999999964
1 0.5825 0.2865265 0.04499999999999993 0.03062100000000001
1 0.585 0.29964999999999997 0.04500000000000004 0.03587000000000001
1 0.6000000000000001 0.359143 0.05625000000000002 0.08661399999999997
1 0.6146875 0.274278 0.03437499999999993 0.04111999999999999
1 0.626875 0.2874015 0.04125000000000001 0.03237099999999998
1 0.6287499999999999 0.307524 0.03749999999999998 0.03587000000000001
1 0.634375 0.3285215 0.04125000000000001 0.03237099999999998
1 0.6403125000000001 0.383202 0.05312499999999998 0.07699
1 0.6653125 0.2992125 0.04812499999999997 0.06999100000000003
1 0.6712499999999999 0.35258100000000003 0.04749999999999999 0.07349
1 0.7009375 0.300525 0.028124999999999956 0.03761999999999999
1 0.708125 0.345582 0.03499999999999992 0.05949199999999999
1 0.731875 0.2904635 0.05124999999999991 0.06999100000000003
