1 0.8121875000000001 0.32941699999999996 0.02937500000000004 0.02537600000000001
1 0.8153125 0.7034775 0.015625 0.031015000000000015
1 0.8362499999999999 0.280545 0.05500000000000005 0.096804
1 0.8159375 0.636748 0.009375000000000022 0.010337999999999958
1 0.8234375 0.667763 0.024374999999999925 0.05169200000000007
1 0.8265625 0.726504 0.028124999999999956 0.026316000000000006
1 0.8362499999999999 0.49154149999999996 0.039999999999999925 0.056391000000000024
1 0.8278125000000001 0.45911650000000004 0.018125000000000058 0.038532999999999984
1 0.8390625 0.706297 0.03687499999999999 0.047931999999999975
1 0.8318749999999999 0.383459 0.01749999999999996 0.04887200000000003
1 0.8390625 0.637688 0.03187499999999999 0.04229399999999994
1 0.8390625 0.3397555 0.02937500000000004 0.04605300000000001
1 0.8434375000000001 0.413064 0.038125000000000075 0.04981200000000002
1 0.831875 0.5220865 0.010000000000000009 0.017857000000000012
1 0.85375 0.456767 0.04125000000000001 0.05263200000000001
1 0.85375 0.667763 0.03875000000000006 0.047932000000000086
1 0.854375 0.598214 0.03750000000000009 0.05169199999999996
1 0.855625 0.520207 0.040000000000000036 0.04041399999999995
1 0.8574999999999999 0.730263 0.03874999999999995 0.026316000000000006
1 0.8471875 0.5578004999999999 0.015625 0.042293000000000025
1 0.8587499999999999 0.3773495 0.036250000000000004 0.04417300000000002
1 0.8665624999999999 0.33599650000000003 0.030625000000000013 0.03101499999999996
1 0.8646875 0.4844925 0.01937500000000003 0.031015000000000015
1 0.8684375 0.4121245 0.026874999999999982 0.04417300000000002
1 0.8696875 0.700658 0.02937500000000004 0.03289399999999998
1 0.8684375 0.556861 0.024375000000000036 0.036654000000000075
1 0.8678125000000001 0.630169 0.020625000000000004 0.027255999999999947
1 0.95625 0.9337405 0.08625000000000005 0.13063899999999995
1 0.9593750000000001 0.2899435 0.07999999999999996 0.177631
1 0.96 0.829417 0.07874999999999999 0.17387200000000003
1 0.9606250000000001 0.5615605 0.07750000000000001 0.17011300000000001
1 0.9606250000000001 0.6837405000000001 0.07750000000000001 0.12875899999999996
1 0.9596875 0.43092149999999996 0.073125 0.119361
1 0.961875 0.054981 0.07500000000000007 0.109962
1 0.9650000000000001 0.17011300000000001 0.06874999999999998 0.12594
1 0.988125 0.963346 0.022499999999999964 0.07142799999999994
1 0.9906250000000001 0.42434249999999996 0.01749999999999996 0.117481
1 0.9921875 0.697368 0.014375000000000027 0.08646599999999993
1 0.9928125 0.13674799999999998 0.013125000000000053 0.10808199999999998
