0 0.18656250000000002 0.325047 0.029375000000000012 0.08911799999999998
0 0.22468749999999998 0.23874299999999998 0.02312499999999998 0.023452
0 0.24062499999999998 0.7462475 0.035 0.030957000000000012
0 0.243125 0.304878 0.023749999999999993 0.016886000000000012
0 0.25968749999999996 0.3635085 0.02437499999999998 0.019699000000000022
0 0.29000000000000004 0.4291745 0.05124999999999996 0.042213
0 0.3878125 0.5558164999999999 0.17812499999999998 0.05722299999999991
0 0.3521875 0.6153850000000001 0.03187499999999999 0.022514000000000034
0 0.43843750000000004 0.2753285 0.04062499999999997 0.034709000000000045
0 0.440625 0.7424955 0.04249999999999998 0.053471000000000046
0 0.45718749999999997 0.4657595 0.03687500000000005 0.030957000000000012
0 0.4809375 0.728893 0.03812500000000002 0.04315200000000008
0 0.49875 0.6585365000000001 0.05375000000000002 0.07879899999999995
0 0.5109375 0.5980300000000001 0.046875000000000056 0.03470999999999991
0 0.524375 0.668386 0.022499999999999964 0.02157600000000004
0 0.5453125 0.742495 0.024375000000000036 0.04596599999999995
0 0.5549999999999999 0.6955910000000001 0.03874999999999995 0.044090000000000074
0 0.5653125 0.5830204999999999 0.018124999999999947 0.030957000000000012
0 0.595 0.7772045000000001 0.04125000000000001 0.04596699999999998
0 0.5884375 0.660882 0.013124999999999942 0.04408999999999996
0 0.673125 0.2997185 0.04874999999999996 0.03846099999999997
0 0.7153125 0.6552534999999999 0.06687500000000002 0.03658499999999998
0 0.7618750000000001 0.767355 0.04500000000000004 0.04315200000000008
0 0.811875 0.7124765 0.05249999999999999 0.06285099999999999
0 0.8084375 0.12007500000000002 0.026874999999999982 0.020638000000000004
0 0.8603125 0.682458 0.02312499999999995 0.02345200000000003
0 0.96375 0.5703564999999999 0.010000000000000009 0.016884999999999928
