1 0.0596875 0.901501 0.118125 0.19512200000000002
1 0.039375 0.454503 0.04875 0.08161399999999996
1 0.056875 0.305347 0.053750000000000006 0.094746
1 0.0675 0.5515950000000001 0.05375 0.08255200000000007
1 0.15875 0.073171 0.04125000000000001 0.06379000000000001
1 0.21718749999999998 0.085835 0.024375000000000008 0.03846200000000001
1 0.27 0.422139 0.016249999999999987 0.02626600000000001
1 0.2703125 0.934803 0.016874999999999973 0.030956000000000095
1 0.2834375 0.5750470000000001 0.02812500000000001 0.04502799999999996
1 0.3015625 0.467167 0.03562500000000002 0.060038000000000036
1 0.39937500000000004 0.80394 0.08625 0.13695999999999997
1 0.443125 0.659475 0.04249999999999998 0.06379000000000001
1 0.43656249999999996 0.468574 0.021875000000000033 0.03471000000000002
1 0.4528125 0.767355 0.030625000000000013 0.04502800000000007
1 0.47625 0.8799245 0.057499999999999996 0.09756100000000001
1 0.5065625 0.8944650000000001 0.013125000000000053 0.023451999999999917
1 0.531875 0.6360224999999999 0.05125000000000002 0.07692299999999996
1 0.5774999999999999 0.6158535 0.016249999999999987 0.030957000000000012
1 0.6071875 0.1730765 0.02187500000000009 0.032833
1 0.6371875 0.804878 0.03562500000000002 0.05816200000000005
1 0.653125 0.7415575 0.032500000000000084 0.057223000000000024
1 0.67625 0.9099435 0.04749999999999999 0.07504699999999997
1 0.675 0.4432455 0.03749999999999998 0.05909900000000001
1 0.6715625000000001 0.9723265000000001 0.018125000000000058 0.027205000000000035
1 0.6825 0.666041 0.040000000000000036 0.065666
1 0.73125 0.782833 0.008749999999999925 0.015948000000000073
1 0.7525 0.740619 0.015000000000000013 0.02345200000000003
1 0.7778125 0.381801 0.02562500000000001 0.04502799999999996
1 0.7878125 0.96576 0.026874999999999982 0.040338000000000096
1 0.8159375 0.6538459999999999 0.016874999999999973 0.022514000000000034
1 0.8575 0.847092 0.020000000000000018 0.03001799999999999
1 0.8728125 0.913227 0.015625 0.02157600000000004
1 0.8728125 0.6575985 0.013125000000000053 0.018761000000000028
1 0.8921875 0.8180115 0.013125000000000053 0.01500900000000005
1 0.9209375 0.9277675000000001 0.009375000000000022 0.011256999999999961
1 0.9325 0.9854594999999999 0.018750000000000044 0.027205000000000035
1 0.950625 0.75985 0.04749999999999999 0.07316999999999996
1 0.9728125000000001 0.988274 0.013124999999999942 0.02157600000000004
