1 0.004375 0.30374999999999996 0.00875 0.04250000000000004
1 0.0115625 0.37625 0.023125 0.09416600000000003
1 0.02625 0.1470835 0.0525 0.13583299999999998
1 0.0203125 0.319167 0.019374999999999996 0.044999999999999984
1 0.7987500000000001 0.523333 0.11750000000000005 0.21000000000000002
1 0.8087500000000001 0.310833 0.10999999999999999 0.195
1 0.8243750000000001 0.485417 0.10999999999999999 0.17250000000000004
1 0.94625 0.5929165000000001 0.10625000000000007 0.229167
1 0.9337500000000001 0.7595835 0.03500000000000003 0.07583300000000004
1 0.965625 0.85625 0.0675 0.28583400000000003
1 0.965625 0.47291649999999996 0.03874999999999995 0.014166999999999985
