1 0.04 0.0562805 0.060000000000000005 0.112561
1 0.09625 0.09543199999999999 0.05249999999999999 0.125612
1 0.14 0.1353995 0.0475 0.127243
1 0.16843750000000002 0.159054 0.03812499999999999 0.08646
1 0.19718750000000002 0.1639475 0.031875000000000014 0.102773
1 0.2196875 0.1721045 0.020625000000000004 0.079935
1 0.2453125 0.211256 0.03562499999999999 0.06362200000000001
1 0.24343750000000003 0.180261 0.02687500000000001 0.07014599999999999
1 0.26468749999999996 0.2340945 0.02812500000000001 0.07014700000000001
1 0.27656250000000004 0.252039 0.02437499999999998 0.07341
1 0.2890625 0.2585645 0.020625000000000004 0.06688500000000003
1 0.30000000000000004 0.25530149999999996 0.013749999999999984 0.060358999999999996
1 0.3146875 0.292822 0.02562500000000001 0.05383399999999999
1 0.3103125 0.264274 0.014375000000000027 0.04241399999999998
1 0.32343750000000004 0.2928225 0.018125000000000002 0.040783000000000014
1 0.33 0.32137000000000004 0.020000000000000018 0.04241400000000001
1 0.380625 0.418434 0.09125 0.23654199999999997
1 0.49375 0.444535 0.007500000000000007 0.02773199999999998
1 0.5115624999999999 0.451876 0.010624999999999996 0.02610199999999996
1 0.5390625 0.45350749999999995 0.009374999999999911 0.022838999999999998
1 0.5871875 0.460033 0.07687500000000003 0.16313200000000005
1 0.5621875000000001 0.45677 0.009375000000000022 0.022838000000000025
1 0.6243749999999999 0.396411 0.015000000000000013 0.048939999999999984
1 0.6334375 0.37765099999999996 0.018124999999999947 0.05383399999999999
1 0.6428125 0.3662315 0.01937499999999992 0.03752100000000003
1 0.650625 0.3499185 0.013749999999999929 0.044045
1 0.6578125 0.336052 0.018124999999999947 0.048939999999999984
1 0.6646875 0.331158 0.014375000000000027 0.05220199999999997
1 0.6734374999999999 0.338499 0.01937500000000003 0.07340999999999998
1 0.67875 0.31892299999999996 0.02124999999999999 0.07667200000000002
1 0.6965625 0.29445350000000003 0.026874999999999982 0.06688500000000003
1 0.7003125 0.256933 0.02187500000000009 0.07341
1 0.7171875 0.26182700000000003 0.024375000000000036 0.06362200000000001
1 0.7334375 0.2487765 0.02312499999999995 0.089723
1 0.7471875 0.22920100000000002 0.028124999999999956 0.07667200000000002
1 0.7715624999999999 0.18841750000000002 0.028125000000000067 0.07014699999999999
1 0.7996875 0.1843395 0.030624999999999902 0.10766699999999998
1 0.831875 0.16394799999999998 0.043749999999999956 0.10603599999999999
1 0.875 0.15008149999999998 0.050000000000000044 0.12071699999999999
1 0.916875 0.0970635 0.050000000000000044 0.12561100000000003
1 0.9740625 0.055465 0.05062500000000003 0.11093
