1 0.241573 0.2526765 0.027288000000000034 0.029979000000000006
1 0.252809 0.27623149999999996 0.027288000000000007 0.042827000000000004
1 0.2632425 0.3297645 0.03531300000000001 0.05139100000000002
1 0.269663 0.29229150000000004 0.038524 0.04068500000000003
1 0.2640445 0.2430405 0.024077000000000015 0.023554999999999993
1 0.284912 0.252677 0.03370799999999996 0.05139199999999999
1 0.289727 0.21841549999999998 0.030498000000000025 0.042826999999999976
1 0.2945425 0.27944349999999996 0.024077000000000015 0.03640300000000002
1 0.299358 0.325482 0.033708000000000016 0.055674
1 0.299358 0.269807 0.030498000000000025 0.03854399999999997
1 0.3186195 0.2366165 0.04012899999999997 0.04925099999999996
1 0.3242375 0.2880085 0.03210299999999999 0.049251000000000045
1 0.32183 0.330835 0.017656000000000005 0.02355400000000002
1 0.325843 0.3137045 0.022471999999999992 0.023554999999999993
1 0.3346705 0.270878 0.024077000000000015 0.03212000000000004
1 0.3418945 0.2430405 0.012840999999999991 0.03640299999999996
1 0.8041735 0.270878 0.03531299999999993 0.049250000000000016
