1 0.0528675 0.8415385 0.080645 0.07692299999999996
1 0.08691750000000001 0.8615385 0.091397 0.09538500000000005
1 0.1460575 0.8930765 0.105735 0.09692299999999998
1 0.236559 0.8007690000000001 0.14695399999999997 0.09384599999999998
1 0.250896 0.6423075 0.12903200000000004 0.10307699999999997
1 0.2562725 0.911538 0.11469500000000002 0.09999999999999998
1 0.3019715 0.4992305 0.08781300000000003 0.08461499999999994
1 0.3709675 0.9092305 0.11111099999999996 0.10461500000000001
1 0.435484 0.8153845 0.11469599999999996 0.09538499999999994
1 0.4910395 0.9215385 0.10394300000000001 0.10153899999999993
1 0.59319 0.6538459999999999 0.125448 0.09846199999999994
1 0.619176 0.9069229999999999 0.1272399999999999 0.10923000000000005
1 0.637993 0.4792305 0.125448 0.07538500000000004
1 0.7249105 0.8938459999999999 0.10931899999999994 0.10153800000000002
1 0.7759860000000001 0.6415385 0.15412199999999998 0.09230699999999992
1 0.815412 0.8984615 0.11827999999999994 0.09846100000000002
1 0.844086 0.750769 0.14337 0.10769200000000001
1 0.8664875 0.8523075 0.11290299999999998 0.09846099999999991
1 0.9444445 0.8430770000000001 0.08960499999999993 0.09538400000000002
