1 0.41125 0.552262 0.7849999999999999 0.555382
1 0.1596875 0.219969 0.07812500000000001 0.09984399999999999
1 0.1809375 0.1657565 0.049375 0.080343
1 0.2134375 0.131435 0.070625 0.091264
1 0.30625 0.25078049999999996 0.15999999999999998 0.124025
1 0.256875 0.2145085 0.05750000000000002 0.08892299999999997
1 0.31375 0.115055 0.07 0.095944
1 0.4228125 0.2815915 0.06187500000000001 0.074883
1 0.6784375 0.165367 0.06062500000000004 0.149766
1 0.6928125 0.228549 0.08687499999999992 0.10296399999999997
