1 0.330417 0.5575 0.08250000000000002 0.03750000000000009
1 0.3304165 0.5328124999999999 0.06416699999999997 0.05312499999999998
1 0.35875 0.6325000000000001 0.07083400000000001 0.061249999999999916
1 0.3433335 0.57875 0.011666999999999983 0.008750000000000036
1 0.375 0.5865625 0.056665999999999994 0.04437500000000005
1 0.39666650000000003 0.5378125 0.08166699999999999 0.05312499999999998
1 0.4008335 0.5053125 0.06833299999999998 0.03937500000000005
1 0.4175 0.6165624999999999 0.068334 0.06312499999999999
1 0.40208350000000004 0.5753125 0.034167 0.03562500000000002
1 0.42 0.6675 0.068334 0.05499999999999994
1 0.4066665 0.4846875 0.026666999999999996 0.0068749999999999645
1 0.43625 0.698125 0.07249999999999995 0.0475000000000001
1 0.45916650000000003 0.5709375 0.08833300000000005 0.05437500000000006
1 0.4570835 0.5275 0.07916700000000004 0.050000000000000044
1 0.44875 0.49 0.060834 0.03750000000000003
1 0.47291649999999996 0.65125 0.05916699999999997 0.0462499999999999
1 0.4808335 0.6121875 0.05666700000000002 0.02562500000000001
1 0.5020830000000001 0.6425000000000001 0.07750000000000001 0.05625000000000002
1 0.49 0.51875 0.024999999999999967 0.020000000000000018
1 0.495417 0.5384375 0.022499999999999964 0.01937499999999992
1 0.52625 0.6084375 0.07583399999999996 0.04937500000000006
1 0.535 0.563125 0.043333999999999984 0.04125000000000001
1 0.5525 0.6325000000000001 0.03166599999999997 0.028749999999999942
