0 0.07963 0.102778 0.075926 0.205556
0 0.25370349999999997 0.310185 0.05555499999999999 0.22963
0 0.2935185 0.798148 0.068519 0.08333400000000002
0 0.3185185 0.690278 0.022222999999999993 0.023148000000000057
0 0.372222 0.49675899999999995 0.018518000000000034 0.01944399999999996
0 0.3944445 0.4199075 0.02222300000000005 0.01759299999999997
0 0.5125 0.8800924999999999 0.11203799999999997 0.0675929999999999
0 0.6319444999999999 0.577778 0.219445 0.20185199999999998
0 0.6939815 0.8259259999999999 0.22685100000000002 0.33148199999999994
0 0.8106485 0.7708335 0.08981499999999998 0.02129700000000001
0 0.8148150000000001 0.9782405000000001 0.09444400000000008 0.04166700000000001
