1 0.03 0.48874300000000004 0.06 0.08255200000000001
1 0.0121875 0.562852 0.021875 0.08442799999999995
1 0.039375 0.630394 0.058750000000000004 0.07692399999999999
1 0.0565625 0.551126 0.080625 0.12664199999999998
1 0.095625 0.553002 0.05374999999999999 0.13789800000000002
1 0.155625 0.3855535 0.05750000000000002 0.09568500000000002
1 0.185 0.4629455 0.06 0.11163299999999993
1 0.20656249999999998 0.345685 0.06562500000000002 0.10788000000000003
1 0.2265625 0.412758 0.06437499999999999 0.10319
1 0.24375000000000002 0.46153849999999996 0.05250000000000002 0.09380899999999998
1 0.261875 0.35788 0.06250000000000003 0.113508
1 0.48624999999999996 0.448874 0.04999999999999999 0.042213999999999974
1 0.498125 0.37429650000000003 0.04874999999999996 0.04690500000000003
1 0.5375 0.44606 0.05249999999999999 0.10225200000000001
1 0.543125 0.36210149999999997 0.053749999999999964 0.08255099999999999
1 0.826875 0.38836800000000005 0.04249999999999998 0.08630399999999999
1 0.8684375 0.3827395 0.05687500000000001 0.10131299999999999
1 0.880625 0.488743 0.04625000000000001 0.11069399999999996
