1 0.6796875 0.30874999999999997 0.059374999999999956 0.08249999999999996
1 0.6671875 0.10041649999999999 0.02937500000000004 0.090833
1 0.7009375 0.10250000000000001 0.08437500000000009 0.105
1 0.69875 0.40875 0.07750000000000001 0.08250000000000002
1 0.70375 0.0254165 0.08624999999999994 0.050833
1 0.708125 0.348333 0.08250000000000002 0.09999999999999998
1 0.70875 0.18916650000000002 0.08125000000000004 0.09666699999999998
1 0.71875 0.25 0.07624999999999993 0.10999999999999999
1 0.7190624999999999 0.48791650000000003 0.06062500000000004 0.11416700000000002
1 0.7175 0.415833 0.030000000000000027 0.044999999999999984
1 0.7359374999999999 0.309583 0.021874999999999978 0.04249999999999998
1 0.7409375 0.0670835 0.030625000000000013 0.059167000000000004
1 0.7759375 0.41041649999999996 0.0893750000000001 0.13416699999999998
1 0.7778125 0.138333 0.08562500000000006 0.115
1 0.7896875 0.299167 0.09687500000000004 0.10500000000000001
1 0.7865625 0.04375 0.0893750000000001 0.0875
1 0.7621875 0.08125 0.03562500000000002 0.029165999999999997
1 0.7765625 0.1945835 0.06187500000000001 0.034167
1 0.7753125000000001 0.485 0.05062500000000003 0.04999999999999999
1 0.8028124999999999 0.25958349999999997 0.09187500000000004 0.08083299999999999
1 0.8153125 0.38083350000000005 0.055625000000000036 0.091667
