0 0.2740625 0.5346115 0.03187499999999999 0.09158699999999997
0 0.28531249999999997 0.758786 0.021875000000000033 0.03301399999999999
0 0.3103125 0.706603 0.020625000000000004 0.03727400000000003
0 0.36906249999999996 0.576677 0.02812500000000001 0.03727400000000003
0 0.3646875 0.6703939999999999 0.016874999999999973 0.045794
0 0.3684375 0.730032 0.021875000000000033 0.028753999999999946
0 0.37406249999999996 0.7161875 0.021875000000000033 0.037273
0 0.3909375 0.7012780000000001 0.020625000000000004 0.03301399999999999
0 0.393125 0.735357 0.011249999999999982 0.01810400000000001
0 0.3975 0.7539935 0.010000000000000009 0.014909000000000061
0 0.400625 0.5090525 0.011249999999999982 0.017039000000000026
0 0.4115625 0.512247 0.008125000000000049 0.010650000000000048
0 0.4846875 0.6773165 0.015625 0.01916899999999999
0 0.5059375 0.6629395 0.026875000000000038 0.04792299999999994
0 0.5065625 0.7023429999999999 0.013125000000000053 0.03514399999999995
0 0.5209375 0.6235355 0.01937500000000003 0.039402999999999966
0 0.5215624999999999 0.5548455 0.020625000000000004 0.07880700000000007
0 0.5218750000000001 0.6948885 0.01749999999999996 0.058572999999999986
0 0.5384375 0.392439 0.015625 0.041534000000000015
0 0.575625 0.6618744999999999 0.019999999999999907 0.11395100000000002
0 0.58375 0.37380199999999997 0.007500000000000062 0.010649999999999993
0 0.683125 0.6980835000000001 0.012499999999999956 0.06070300000000006
0 0.6953125 0.7241744999999999 0.016874999999999973 0.025559
0 0.7453125 0.3977635 0.011874999999999969 0.01597499999999996
0 0.7684375 0.662939 0.03687499999999999 0.039404000000000106
0 0.78625 0.695953 0.06000000000000005 0.043664000000000036
0 0.7728125 0.5351440000000001 0.015625 0.03727399999999992
0 0.7896875 0.623536 0.015625 0.03727400000000003
0 0.8009375000000001 0.7087325 0.020625000000000004 0.05218299999999998
0 0.8421875 0.703408 0.018124999999999947 0.03727400000000003
0 0.8971875 0.371672 0.015625 0.051118
0 0.9271875 0.5479235 0.02312499999999995 0.04366300000000001
0 0.9393750000000001 0.6405755 0.03500000000000003 0.054312999999999945
0 0.9521875 0.6996804999999999 0.03437499999999993 0.055378999999999956
0 0.9659375 0.719382 0.023125000000000062 0.03301399999999999
0 0.99 0.713525 0.015000000000000013 0.017040000000000055
