1 0.1984375 0.5254235 0.061874999999999986 0.08662899999999996
1 0.21625 0.6120525 0.05625000000000002 0.08662900000000007
1 0.23125 0.422787 0.05250000000000002 0.08474600000000004
1 0.266875 0.730226 0.044999999999999984 0.11016999999999999
1 0.2703125 0.4868175 0.020625000000000004 0.06591299999999994
1 0.2796875 0.457627 0.01687500000000003 0.054613999999999996
1 0.29718750000000005 0.41007499999999997 0.02812500000000001 0.04048999999999997
1 0.2984375 0.7306969999999999 0.02812500000000001 0.10357800000000006
1 0.33375 0.504708 0.05249999999999999 0.08474600000000004
1 0.37593750000000004 0.514595 0.029374999999999984 0.07250399999999996
1 0.43875 0.4458565 0.05750000000000005 0.13653500000000002
1 0.499375 0.394068 0.04375000000000001 0.02353999999999995
1 0.6499999999999999 0.2683615 0.04749999999999999 0.080979
1 0.655 0.324388 0.057499999999999996 0.06873799999999997
1 0.6993750000000001 0.270245 0.05625000000000002 0.10357799999999998
1 0.7296875 0.47410549999999996 0.073125 0.09133699999999995
1 0.786875 0.341808 0.05249999999999999 0.107344
1 0.8171875 0.351224 0.038125000000000075 0.08851199999999998
