1 0.0375 0.6256250000000001 0.075 0.23375
1 0.10500000000000001 0.720625 0.11750000000000001 0.16749999999999998
1 0.21531250000000002 0.6196875 0.328125 0.35562499999999997
1 0.15125 0.7834375 0.04249999999999998 0.05437500000000006
1 0.2340625 0.401875 0.09937499999999999 0.08000000000000002
1 0.246875 0.770625 0.04250000000000001 0.05624999999999991
1 0.2765625 0.7665625 0.020625000000000004 0.04812499999999997
1 0.29125 0.725625 0.028749999999999998 0.04749999999999999
1 0.5159374999999999 0.5778125 0.47187499999999993 0.46312499999999995
1 0.38375000000000004 0.611875 0.06 0.06375000000000008
1 0.8500000000000001 0.5656249999999999 0.29874999999999996 0.40499999999999997
1 0.734375 0.749375 0.06499999999999995 0.03125
1 0.8746875000000001 0.7296875 0.16437500000000005 0.08062500000000006
1 0.8968750000000001 0.2015625 0.13 0.12687500000000002
1 0.9924999999999999 0.401875 0.01375000000000004 0.01874999999999999
