0 0.08499999999999999 0.21435300000000002 0.01625 0.023452
0 0.108125 0.556754 0.01874999999999999 0.02345200000000003
0 0.1459375 0.48780500000000004 0.04312500000000001 0.06941800000000004
0 0.156875 0.6730769999999999 0.01125000000000001 0.01782399999999995
0 0.20124999999999998 0.281426 0.04374999999999998 0.17636
0 0.3359375 0.4610695 0.021874999999999978 0.030957000000000012
0 0.36343749999999997 0.264071 0.023125000000000007 0.040337999999999985
0 0.419375 0.5145405000000001 0.030000000000000027 0.030957000000000012
0 0.6290625 0.402908 0.015625 0.02345200000000003
0 0.6328125 0.32223250000000003 0.015625 0.01594699999999999
0 0.6628125 0.9751405 0.046875 0.04784299999999997
