1 0.10468749999999999 0.041667 0.044374999999999984 0.05
1 0.1396875 0.22541699999999998 0.023125000000000007 0.037500000000000006
1 0.170625 0.07625 0.07250000000000001 0.060834
1 0.1575 0.1825 0.03875000000000001 0.061666
1 0.1796875 0.13124999999999998 0.06187500000000001 0.08083399999999999
1 0.1875 0.395833 0.048750000000000016 0.08000000000000002
1 0.188125 0.2379165 0.05000000000000002 0.08083299999999999
1 0.188125 0.334167 0.04250000000000001 0.05499999999999999
1 0.2165625 0.164583 0.05562500000000001 0.07750000000000001
1 0.22031250000000002 0.3104165 0.06312500000000001 0.08083299999999999
1 0.213125 0.4404165 0.03875000000000001 0.030833
1 0.2184375 0.526667 0.018125000000000002 0.04499999999999993
1 0.2409375 0.242083 0.05562499999999998 0.07749999999999999
1 0.2553125 0.11708299999999999 0.05562500000000001 0.0825
1 0.26937500000000003 0.042082999999999995 0.04999999999999999 0.0675
1 0.2790625 0.17375000000000002 0.046875 0.059166000000000024
1 0.28874999999999995 0.2158335 0.04999999999999999 0.07333300000000001
1 0.286875 0.2625 0.04375000000000001 0.04666600000000001
1 0.2940625 0.3091665 0.05812499999999998 0.05666700000000002
1 0.2959375 0.0654165 0.06187500000000001 0.079167
1 0.308125 0.1220835 0.04999999999999999 0.069167
1 0.3278125 0.1929165 0.055625000000000036 0.07916700000000002
1 0.33281249999999996 0.26458349999999997 0.05562499999999998 0.07583299999999998
1 0.34375 0.3320835 0.05125000000000002 0.06583299999999997
1 0.3540625 0.05625 0.05687500000000001 0.0825
1 0.3578125 0.1329165 0.05687500000000001 0.08083299999999999
1 0.3728125 0.2254165 0.05312499999999998 0.06583299999999997
1 0.3825 0.30125 0.053749999999999964 0.07250000000000001
1 0.3934375 0.3633335 0.05062500000000003 0.06166699999999997
1 0.3965625 0.10125 0.05687500000000001 0.07916600000000001
1 0.40375 0.19416650000000002 0.04249999999999998 0.04833299999999999
1 0.4134375 0.07041649999999999 0.03562500000000002 0.034166999999999996
1 0.420625 0.2520835 0.04999999999999999 0.07083299999999998
1 0.4321875 0.1575 0.05812499999999998 0.063334
1 0.4309375 0.32166649999999997 0.05312500000000003 0.06833300000000003
1 0.4503125 0.09 0.04812499999999997 0.066666
1 0.4625 0.20875 0.048750000000000016 0.07083400000000001
1 0.463125 0.2779165 0.04749999999999999 0.07083299999999998
1 0.4709375 0.127917 0.055625000000000036 0.0675
1 0.48 0.16249999999999998 0.03999999999999998 0.04000000000000001
1 0.48312499999999997 0.3320835 0.03874999999999995 0.059167000000000025
1 0.5 0.1995835 0.043749999999999956 0.06916699999999998
1 0.503125 0.26875000000000004 0.04250000000000004 0.07916600000000001
1 0.5109374999999999 0.10291650000000001 0.04562499999999997 0.069167
1 0.5228125 0.3054165 0.024375000000000036 0.05416700000000002
1 0.53875 0.2158335 0.04125000000000001 0.056666999999999995
1 0.5446875 0.1625 0.05312500000000009 0.07
1 0.556875 0.1066665 0.053749999999999964 0.061667000000000013
1 0.5562499999999999 0.26875000000000004 0.04749999999999999 0.07583400000000001
1 0.563125 0.0695835 0.03374999999999995 0.025833000000000002
1 0.5787500000000001 0.1970835 0.04625000000000001 0.07416699999999998
1 0.575 0.3279165 0.03375000000000006 0.06416699999999997
1 0.575625 0.37583350000000004 0.025000000000000022 0.04333300000000001
1 0.6015625 0.1495835 0.055625000000000036 0.075833
1 0.6000000000000001 0.2916665 0.04749999999999999 0.06333299999999997
1 0.6034375000000001 0.0779165 0.051875000000000004 0.07083300000000001
1 0.604375 0.40083349999999995 0.03875000000000006 0.048333000000000015
1 0.609375 0.3466665 0.04249999999999998 0.06333299999999997
1 0.6174999999999999 0.22791650000000002 0.053750000000000075 0.064167
1 0.6428125 0.1020835 0.05312500000000009 0.06083300000000001
1 0.6428125 0.3070835 0.04812499999999997 0.060833000000000026
1 0.6471875 0.1675 0.04437500000000005 0.06
1 0.6609375 0.20375 0.048125000000000084 0.064166
1 0.656875 0.1279165 0.03249999999999997 0.039166999999999993
1 0.660625 0.25041650000000004 0.03749999999999998 0.03916700000000001
1 0.6768749999999999 0.394167 0.036250000000000004 0.03500000000000003
1 0.67875 0.16333350000000002 0.03249999999999997 0.04833299999999999
1 0.6793750000000001 0.33125 0.03375000000000006 0.057499999999999996
1 0.6840625 0.264167 0.03687499999999999 0.05000000000000002
1 0.6868749999999999 0.1175 0.03749999999999998 0.06
1 0.69625 0.2125 0.03125 0.056665999999999994
1 0.70625 0.2933335 0.04249999999999998 0.04666699999999996
1 0.706875 0.357917 0.043749999999999956 0.03749999999999998
1 0.709375 0.145 0.043749999999999956 0.059999999999999984
1 0.708125 0.4166665 0.03374999999999995 0.04166700000000001
1 0.711875 0.3283335 0.04125000000000001 0.05166700000000002
1 0.713125 0.2366665 0.03875000000000006 0.05666700000000002
1 0.7240625 0.4575 0.02937500000000004 0.05166599999999999
1 0.731875 0.1875 0.04500000000000004 0.061666
1 0.736875 0.1333335 0.03749999999999998 0.053333000000000005
1 0.799375 0.2083335 0.03874999999999995 0.05166699999999999
1 0.829375 0.214167 0.043749999999999956 0.06
1 0.9790625 0.22958299999999998 0.04062500000000002 0.06749999999999998
1 0.988125 0.29 0.022499999999999964 0.063334
