1 0.009375 0.1864965 0.01875 0.10103900000000002
1 0.0190625 0.2946175 0.038125 0.10764899999999997
1 0.3125 0.0745985 0.10250000000000004 0.149197
1 0.3153125 0.19310650000000001 0.09062499999999996 0.11425900000000003
1 0.380625 0.1473085 0.09875 0.135977
1 0.46281249999999996 0.2507085 0.01687500000000003 0.03682699999999997
1 0.4653125 0.28375799999999995 0.01687500000000003 0.02549600000000002
1 0.4809375 0.2620395 0.021875000000000033 0.027384999999999965
1 0.7140625 0.190274 0.01937500000000003 0.034938000000000025
1 0.7178125 0.222852 0.011874999999999969 0.018886000000000014
1 0.7290625 0.2119925 0.021874999999999978 0.036827
1 0.9028125 0.035883 0.130625 0.071766
