1 0.0728125 0.0379165 0.145625 0.075833
1 0.4175 0.290833 0.06875000000000003 0.1
1 0.4346875 0.24875000000000003 0.06187500000000001 0.05750000000000002
1 0.458125 0.2108335 0.07750000000000001 0.10833300000000001
1 0.438125 0.3675 0.02250000000000002 0.033333999999999975
1 0.46781249999999996 0.37375 0.06812499999999994 0.08916600000000002
1 0.4821875 0.310833 0.06812499999999999 0.11500000000000005
1 0.5078125 0.2908335 0.050624999999999976 0.10333300000000004
1 0.5234375 0.37875000000000003 0.060624999999999984 0.08749999999999997
1 0.71625 0.05 0.1137499999999999 0.1
1 0.725 0.114167 0.11499999999999999 0.095
1 0.8128124999999999 0.0429165 0.10187500000000005 0.085833
