1 0.032345 0.416462 0.06469 0.25798600000000005
1 0.06469 0.5528255 0.12398999999999999 0.250615
1 0.2243935 0.3181815 0.030996999999999997 0.06633900000000004
1 0.23584899999999998 0.218673 0.040431999999999996 0.088452
1 0.2385445 0.2714985 0.018866999999999995 0.046683
1 0.2675205 0.2837835 0.04177900000000001 0.100737
1 0.7594339999999999 0.556511 0.10377399999999992 0.20884600000000003
1 0.7809975 0.409091 0.10646899999999992 0.21375999999999995
1 0.8551215 0.307125 0.117251 0.240786
1 0.857143 0.6425065 0.11859799999999998 0.21375900000000003
1 0.8854445 0.4643735 0.11590299999999998 0.19656099999999999
