1 0.07 0.1770245 0.075 0.090395
1 0.120625 0.21751399999999999 0.04874999999999999 0.058380000000000015
1 0.19437500000000002 0.2532955 0.016250000000000014 0.04708100000000004
1 0.1975 0.290019 0.007500000000000007 0.03389800000000004
1 0.34187500000000004 0.249529 0.03375 0.04331399999999999
1 0.36375 0.2316385 0.044999999999999984 0.06026300000000001
1 0.359375 0.298493 0.016249999999999987 0.06967999999999996
1 0.389375 0.2881355 0.04124999999999995 0.08286299999999999
1 0.503125 0.0207155 0.07124999999999992 0.041431
1 0.535625 0.299435 0.03875000000000006 0.06403000000000003
1 0.57625 0.0235405 0.07250000000000001 0.047081
1 0.571875 0.3032015 0.043749999999999956 0.07156299999999999
1 0.98 0.38606399999999996 0.03749999999999998 0.079096
