0 0.131 0.547541 0.262 0.45246
0 0.05 0.804918 0.1 0.04918
0 0.28800000000000003 0.609836 0.09600000000000003 0.236066
0 0.318 0.39508200000000004 0.02400000000000002 0.04262199999999999
0 0.382 0.442623 0.020000000000000018 0.03278599999999998
0 0.398 0.5032785 0.035999999999999976 0.04262300000000002
0 0.397 0.5557380000000001 0.018000000000000016 0.02950799999999998
0 0.587 0.4786885 0.29 0.577049
0 0.8029999999999999 0.452459 0.39 0.7016399999999999
0 0.764 0.227869 0.17199999999999993 0.429508
