1 0.0646875 0.317669 0.118125 0.20112800000000003
1 0.11499999999999999 0.22227449999999999 0.2 0.252819
1 0.1428125 0.14426650000000002 0.02562500000000001 0.068609
1 0.2084375 0.093515 0.12062499999999998 0.18703
1 0.248125 0.306861 0.16875 0.13439800000000002
1 0.23249999999999998 0.2006575 0.0975 0.19266899999999998
1 0.37625 0.47180449999999996 0.04624999999999996 0.022556999999999994
1 0.435 0.405545 0.10250000000000004 0.18703000000000003
1 0.5040625 0.132049 0.128125 0.264098
1 0.515625 0.524906 0.043749999999999956 0.10996200000000006
1 0.5646875 0.3590225 0.125625 0.22180499999999997
1 0.5934375 0.1983085 0.08812500000000001 0.25375899999999996
1 0.6478125 0.0953945 0.12062499999999998 0.190789
1 0.693125 0.18562 0.09375 0.20206800000000003
1 0.7021875 0.3092105 0.06562499999999993 0.063909
1 0.8621875 0.6578949999999999 0.12187499999999996 0.234962
1 0.8734375000000001 0.468515 0.08187500000000003 0.19830799999999998
1 0.95625 0.513628 0.08625000000000005 0.25094000000000005
