1 0.5584374999999999 0.057638 0.030625000000000013 0.042174
1 0.576875 0.033271 0.05249999999999999 0.066542
1 0.5821875 0.0946575 0.03687499999999999 0.06747900000000001
1 0.5790625 0.174789 0.020625000000000004 0.04217399999999999
1 0.5890625 0.1579195 0.028125000000000067 0.036551
1 0.5903125 0.135895 0.020625000000000004 0.01874400000000001
1 0.6178125 0.009372 0.06562500000000004 0.018744
1 0.6078125 0.023899 0.03937499999999994 0.047798
1 0.6146875 0.0773195 0.04062500000000002 0.06279299999999999
1 0.6134375 0.1021555 0.03562500000000002 0.06747899999999998
1 0.6415625 0.0477975 0.06187500000000001 0.091847
1 0.6596875 0.0065605 0.013125000000000053 0.013121
1 0.6696875 0.049672 0.023125000000000062 0.04686
1 0.6950000000000001 0.0267105 0.05999999999999994 0.053421
