1 0.037646 0.4096875 0.075292 0.23937500000000006
1 0.086623 0.8378125000000001 0.173246 0.323125
1 0.0939325 0.18937500000000002 0.187865 0.3275
1 0.157529 0.641875 0.315058 0.30750000000000005
1 0.2236845 0.37062500000000004 0.37573100000000004 0.36875
1 0.271199 0.9521875 0.27193 0.09437499999999999
1 0.2295325 0.8215625 0.15935700000000003 0.13687499999999997
1 0.3135965 0.9096875 0.315789 0.17937500000000006
1 0.3384505 0.1578125 0.305555 0.268125
1 0.387427 0.690625 0.27924000000000004 0.23749999999999993
1 0.379386 0.485 0.251462 0.22500000000000003
1 0.45431299999999997 0.7634375 0.317982 0.32062499999999994
1 0.5723685 0.3134375 0.349415 0.343125
1 0.5961255 0.0809375 0.26535100000000006 0.161875
1 0.6290205 0.9265625 0.328217 0.145625
1 0.594298 0.9762500000000001 0.229532 0.04625000000000001
1 0.6900585 0.53625 0.28216299999999994 0.27
1 0.838085 0.8403125 0.322368 0.318125
1 0.8472219999999999 0.5225 0.304094 0.345
1 0.8278505 0.294375 0.221491 0.2275
1 0.866228 0.0646875 0.26608199999999993 0.129375
1 0.9459065 0.4353125 0.10672499999999996 0.21562499999999996
1 0.9491959999999999 0.6846875 0.10014599999999996 0.389375
1 0.986842 0.15625 0.02485399999999993 0.14500000000000002
