1 0.079685 0.0725 0.15937 0.145
1 0.163748 0.24937499999999999 0.327496 0.32625
1 0.191769 0.49624999999999997 0.383538 0.26249999999999996
1 0.201401 0.054375 0.25919400000000004 0.10875
1 0.330998 0.8825000000000001 0.34675999999999996 0.23250000000000004
1 0.3686515 0.131875 0.376533 0.26375
1 0.39492099999999997 0.524375 0.22942199999999996 0.24125000000000002
1 0.486865 0.181875 0.32574400000000003 0.30374999999999996
1 0.601576 0.48250000000000004 0.37303 0.2625
1 0.6339755 0.859375 0.38879099999999994 0.2662500000000001
1 0.737303 0.0925 0.34676000000000007 0.185
1 0.7486865 0.213125 0.23642700000000005 0.12625
1 0.7950965 0.49750000000000005 0.27670700000000004 0.24000000000000005
1 0.84676 0.8474999999999999 0.21541200000000005 0.275
1 0.908056 0.853125 0.18038600000000005 0.22625000000000006
1 0.9089320000000001 0.974375 0.17863400000000007 0.04875000000000007
