1 0.0403125 0.5908335 0.034375 0.05166700000000002
1 0.09968750000000001 0.2858335 0.029375 0.04166700000000001
1 0.2190625 0.2091665 0.02562500000000001 0.04333300000000001
1 0.3665625 0.2970835 0.02562500000000001 0.035833000000000004
1 0.39937500000000004 0.7033335000000001 0.024999999999999967 0.036666999999999894
1 0.45375 0.735417 0.08374999999999999 0.11749999999999994
1 0.4796875 0.8583335 0.01937500000000003 0.03833299999999995
1 0.5603125 0.4570835 0.02562500000000001 0.04083299999999995
1 0.59125 0.66125 0.026249999999999996 0.03249999999999997
1 0.6359375 0.9137500000000001 0.055624999999999925 0.06583400000000006
1 0.649375 0.4970835 0.028749999999999942 0.04083299999999995
1 0.7246874999999999 0.86375 0.01937500000000003 0.030834000000000028
1 0.7324999999999999 0.40625 0.02749999999999997 0.04249999999999998
1 0.7521875 0.77625 0.016874999999999973 0.02750000000000008
1 0.8221875000000001 0.90125 0.02312499999999995 0.030834000000000028
1 0.8353125 0.49625 0.028124999999999956 0.03583400000000003
1 0.8365625 0.8020835 0.018124999999999947 0.030833
1 0.9078125 0.7279165000000001 0.023125000000000062 0.03416699999999995
1 0.9271875 0.9254169999999999 0.020625000000000004 0.03749999999999998
1 0.9559375 0.9804170000000001 0.026874999999999982 0.03749999999999998
1 0.9696875 0.287083 0.018125000000000058 0.03250000000000003
1 0.9946875 0.8687499999999999 0.009375000000000022 0.02749999999999997
