1 0.053125 0.8045835 0.10625 0.23083300000000007
1 0.42375 0.6183335 0.12 0.15333299999999994
1 0.426875 0.524167 0.11375000000000002 0.10500000000000004
1 0.4653125 0.6745835 0.13937500000000003 0.18583299999999991
1 0.506875 0.522083 0.09875 0.1325
1 0.5703125 0.6020835 0.13187499999999996 0.165833
1 0.6140625 0.505 0.10062500000000008 0.118334
1 0.604375 0.5462499999999999 0.06125000000000003 0.0675
1 0.67875 0.87375 0.12124999999999997 0.14083400000000001
1 0.6699999999999999 0.44875 0.07874999999999999 0.065834
1 0.6890624999999999 0.5729165 0.10562499999999997 0.1408330000000001
1 0.7090624999999999 0.4704165 0.08687499999999992 0.05416700000000002
1 0.7150000000000001 0.535 0.06999999999999995 0.11666599999999999
1 0.7315625 0.44375 0.07187499999999991 0.069166
1 0.7890625 0.5608335 0.11187499999999995 0.158333
1 0.77875 0.82375 0.07625000000000004 0.124166
1 0.7931250000000001 0.46499999999999997 0.07625000000000004 0.04999999999999999
1 0.821875 0.941667 0.12375000000000003 0.11499999999999999
1 0.8490625 0.527083 0.09312500000000001 0.1325
1 0.8584375 0.47333349999999996 0.09812500000000002 0.10666700000000001
1 0.9824999999999999 0.9295835 0.03375000000000006 0.11583300000000007
