1 0.004307 0.6525 0.008614 0.018750000000000044
1 0.028974 0.69 0.057948 0.0737500000000001
1 0.0579485 0.5009375 0.115897 0.14687499999999998
1 0.110807 0.6878124999999999 0.08379 0.05812500000000009
1 0.187549 0.7925 0.108848 0.09750000000000003
1 0.2744715 0.6543749999999999 0.12451100000000001 0.09750000000000003
1 0.33124549999999997 0.25375000000000003 0.10023500000000002 0.07875000000000001
1 0.3817545 0.750625 0.055598999999999954 0.04125000000000001
1 0.487079 0.6312500000000001 0.10493399999999997 0.08875
1 0.5203605 0.4621875 0.13234100000000004 0.11937499999999995
1 0.5516840000000001 0.59625 0.08378999999999992 0.05999999999999994
1 0.6158965 0.6799999999999999 0.10884899999999997 0.08750000000000002
1 0.626468 0.5653125 0.05325000000000002 0.02937499999999993
1 0.653485 0.6125 0.10258400000000001 0.09249999999999992
1 0.6714955 0.6884375 0.05716500000000002 0.06687500000000002
1 0.6981205 0.7978125 0.10728300000000002 0.08062500000000006
1 0.761159 0.48 0.07047800000000004 0.06
1 0.798747 0.6953125 0.05951400000000007 0.04937499999999995
1 0.8061865 0.60375 0.054033 0.06125000000000003
1 0.8566955 0.56375 0.11589700000000003 0.06999999999999995
1 0.8516055 0.5159375 0.09631900000000004 0.05937500000000001
1 0.864135 0.640625 0.12137799999999999 0.09375
1 0.9087704999999999 0.163125 0.13077499999999997 0.09624999999999999
1 0.9416599999999999 0.244375 0.11511400000000005 0.14874999999999997
1 0.9526235000000001 0.43562500000000004 0.09318700000000002 0.08000000000000002
1 0.9737665 0.6884375 0.050900999999999974 0.08062500000000006
1 0.980423 0.35625 0.037588000000000066 0.07874999999999999
