1 0.09281249999999999 0.42401500000000003 0.06562499999999999 0.07692400000000005
1 0.1734375 0.4507505 0.109375 0.11163299999999998
1 0.20906249999999998 0.346623 0.08312499999999998 0.12476599999999999
1 0.5003125 0.39118200000000003 0.06812500000000005 0.17073200000000005
1 0.518125 0.515478 0.05500000000000005 0.12851799999999997
1 0.595 0.340994 0.11624999999999996 0.216698
1 0.639375 0.47748599999999997 0.053749999999999964 0.13320799999999994
1 0.6834374999999999 0.514071 0.09312500000000001 0.170732
1 0.749375 0.6139775000000001 0.11749999999999994 0.19793699999999992
1 0.7462500000000001 0.3860225 0.09625000000000006 0.166041
1 0.7884375 0.7143525 0.07062499999999994 0.11350899999999997
1 0.8434375000000001 0.261257 0.12437500000000001 0.203564
1 0.8859375 0.0497185 0.06812499999999999 0.099437
1 0.9375 0.2753285 0.11250000000000004 0.18667899999999998
1 0.93375 0.17636 0.09250000000000003 0.084428
1 0.9550000000000001 0.0708255 0.08875 0.141651
1 0.95875 0.4179175 0.06000000000000005 0.16041300000000003
1 0.9853125 0.393058 0.028125000000000067 0.15197
