1 0.35546449999999996 0.532628 0.027026999999999968 0.017635999999999985
1 0.3854285 0.514991 0.039953000000000016 0.031745999999999996
1 0.394242 0.4814815 0.034078 0.04585499999999998
1 0.417744 0.482363 0.036428000000000016 0.054674000000000056
1 0.426557 0.5114635 0.04230400000000001 0.05996499999999999
1 0.43125749999999996 0.559965 0.030552999999999997 0.07583799999999996
1 0.4383075 0.6419755 0.039953000000000016 0.081129
1 0.444771 0.581129 0.04347799999999996 0.08289199999999997
1 0.4582845 0.6763665000000001 0.058755 0.07936500000000002
1 0.458872 0.49118149999999994 0.04582799999999998 0.07231099999999996
1 0.4571095 0.746032 0.032903000000000016 0.07407399999999997
1 0.465335 0.521164 0.02820199999999995 0.06172799999999995
1 0.48119850000000003 0.627866 0.05287900000000001 0.08818400000000004
1 0.4788485 0.761023 0.043479000000000045 0.054674
1 0.4829615 0.546737 0.04465299999999994 0.08818400000000004
1 0.491187 0.70194 0.04935400000000001 0.07407399999999997
1 0.4947125 0.473545 0.03760300000000005 0.047619999999999996
1 0.5011749999999999 0.5035270000000001 0.04347800000000002 0.06525600000000004
1 0.4994125 0.5793649999999999 0.032903000000000016 0.051146000000000025
1 0.506463 0.634039 0.03760199999999997 0.07230999999999999
1 0.523502 0.700176 0.03877799999999998 0.07407399999999997
1 0.519389 0.652557 0.018801999999999985 0.03174599999999994
1 0.5370155 0.7680775 0.04230299999999998 0.07936500000000002
1 0.5370155 0.649912 0.03525299999999998 0.051146000000000025
