0 0.134583 0.8337950000000001 0.027499999999999997 0.036012000000000044
0 0.21000000000000002 0.5512465 0.023333999999999994 0.05263099999999998
0 0.32166700000000004 0.4861495 0.024999999999999967 0.04155099999999995
0 0.34916650000000005 0.1565095 0.023332999999999993 0.02493099999999998
0 0.37 0.1378115 0.013333999999999957 0.015234999999999999
0 0.4970835 0.6523545 0.255833 0.21883700000000006
0 0.3804165 0.12257599999999999 0.010832999999999982 0.023545999999999997
0 0.38958349999999997 0.110111 0.010833000000000037 0.02354600000000001
0 0.49083299999999996 0.146122 0.195 0.22299200000000002
0 0.45166649999999997 0.355263 0.028332999999999997 0.040166000000000035
0 0.4658335 0.6440444999999999 0.023332999999999993 0.030471000000000026
0 0.585 0.27008299999999996 0.011666000000000065 0.04709199999999997
0 0.5904165 0.280471 0.01416700000000004 0.03462599999999999
0 0.5929165000000001 0.30678700000000003 0.009167000000000036 0.029086
0 0.6012500000000001 0.326177 0.020833999999999908 0.042935999999999974
0 0.6079165 0.3476455 0.025832999999999995 0.038780999999999954
0 0.6154165 0.371191 0.02083299999999999 0.04709200000000002
0 0.6220835 0.3891965 0.025832999999999995 0.041551000000000005
0 0.6320835 0.41481999999999997 0.02083299999999999 0.04016599999999998
0 0.6404164999999999 0.434903 0.025833000000000106 0.04709200000000002
0 0.6516664999999999 0.4598335 0.033332999999999946 0.041551000000000005
0 0.6625 0.48545699999999997 0.030000000000000027 0.042935999999999974
0 0.6745835 0.514543 0.025832999999999995 0.051246000000000014
0 0.6845835 0.542244 0.029166999999999943 0.051246000000000014
0 0.6945835 0.572022 0.035833000000000004 0.04432199999999997
0 0.7079165000000001 0.6059555000000001 0.03416699999999995 0.04847699999999999
0 0.7262500000000001 0.6398889999999999 0.025834000000000024 0.058172
0 0.7395835 0.6752075 0.029167000000000054 0.05401699999999998
0 0.7829165 0.49446 0.08416699999999999 0.06648199999999999
0 0.75875 0.7146815 0.015834000000000015 0.055401000000000034
0 0.9004165 0.2811635 0.009167000000000036 0.016620999999999997
0 0.9558335 0.348338 0.021667000000000103 0.037395999999999985
0 0.96625 0.6620495 0.0108339999999999 0.036011000000000015
