1 0.0109375 0.3991665 0.021875 0.046667000000000014
1 0.015625 0.2925 0.03125 0.17
1 0.054375 0.557083 0.10875 0.2825
1 0.11125 0.7791665 0.2225 0.31666700000000003
1 0.09375 0.37833300000000003 0.16375 0.21500000000000002
1 0.10875 0.6058330000000001 0.04874999999999999 0.04999999999999993
1 0.1796875 0.5458335 0.16562500000000002 0.20833300000000005
1 0.2390625 0.71375 0.158125 0.2241660000000001
1 0.2971875 0.45875 0.165625 0.24416600000000005
1 0.35968750000000005 0.5645835 0.215625 0.23916699999999996
1 0.3903125 0.82125 0.20937499999999998 0.26749999999999996
1 0.39656250000000004 0.6708335000000001 0.16812500000000002 0.10333300000000001
1 0.4665625 0.7516665 0.14187499999999997 0.20333299999999999
1 0.52 0.55 0.14625 0.193334
1 0.5387500000000001 0.697917 0.10625000000000007 0.13749999999999996
