1 0.0409375 0.3589385 0.033125 0.049348999999999976
1 0.03625 0.38826799999999995 0.02125 0.020484000000000002
1 0.063125 0.390596 0.035 0.04376199999999997
1 0.11625 0.4962755 0.06125 0.04655500000000007
1 0.139375 0.44180600000000003 0.05625000000000001 0.082868
1 0.1796875 0.459963 0.073125 0.09497200000000006
1 0.21875 0.5572625 0.06125000000000003 0.04562299999999997
1 0.30156249999999996 0.40642500000000004 0.03437499999999999 0.027002000000000026
1 0.3153125 0.3854745 0.026874999999999982 0.04655500000000001
1 0.34062499999999996 0.3971135 0.04375000000000001 0.06052099999999999
1 0.6396875 0.4250465 0.026874999999999982 0.04003699999999999
1 0.6581250000000001 0.4310985 0.04874999999999996 0.06890099999999999
1 0.704375 0.43016750000000004 0.043749999999999956 0.07821300000000003
1 0.728125 0.455307 0.07000000000000006 0.09869599999999995
1 0.7665625 0.46461850000000005 0.06562499999999993 0.08752300000000007
1 0.8031250000000001 0.4608935 0.06874999999999998 0.10242099999999998
1 0.9453125 0.5405030000000001 0.10812500000000003 0.20018600000000003
1 0.9768749999999999 0.7267224999999999 0.04500000000000004 0.19087500000000002
