1 0.0097655 0.2903645 0.019531 0.06510500000000002
1 0.0112305 0.436849 0.022461 0.06380200000000003
1 0.012207 0.1523435 0.024414 0.046875
1 0.012207 0.2154945 0.024414 0.08203100000000002
1 0.012207 0.503255 0.024414 0.055989999999999984
1 0.01709 0.359375 0.03418 0.09635400000000005
1 0.0302735 0.0677085 0.060547 0.117187
1 0.045410000000000006 0.027344 0.083008 0.054688
1 0.08740200000000001 0.1315105 0.09082000000000001 0.111979
1 0.11328099999999999 0.06640599999999999 0.103516 0.127604
1 0.1503905 0.0221355 0.064453 0.044271
1 0.160156 0.13737 0.052734 0.08463599999999999
1 0.193359 0.1009115 0.08007799999999998 0.11588499999999999
1 0.2260745 0.05013 0.08105500000000002 0.10026
1 0.2729495 0.11197950000000001 0.05761700000000003 0.08072900000000001
1 0.2744145 0.0065105 0.046875 0.013021
1 0.3037105 0.077474 0.09179700000000002 0.123698
1 0.3481445 0.0390625 0.092773 0.078125
1 0.388672 0.089193 0.072266 0.063802
1 0.43066400000000005 0.0540365 0.08593800000000001 0.108073
1 0.477539 0.017578 0.07617200000000002 0.035156
1 0.510254 0.044271 0.06347600000000003 0.083334
1 0.5600585 0.0384115 0.094727 0.076823
1 0.6328125 0.033854 0.07031300000000007 0.067708
1 0.6972659999999999 0.028646 0.08007799999999998 0.057292
1 0.7636719999999999 0.029297 0.07617200000000002 0.058594
1 0.833496 0.027995 0.09277400000000002 0.05599
1 0.8930665 0.031901 0.06738299999999997 0.063802
1 0.9663085 0.0253905 0.06542899999999996 0.050781
