1 0.012812500000000001 0.4195835 0.015625 0.02416700000000005
1 0.090625 0.5908335 0.024999999999999994 0.04166700000000001
1 0.12843749999999998 0.7020835 0.019375000000000003 0.025832999999999995
1 0.144375 0.6720835000000001 0.012500000000000011 0.02416699999999994
1 0.165 0.5995835 0.012500000000000011 0.02083299999999999
1 0.2021875 0.771667 0.020625000000000004 0.03499999999999992
1 0.26031249999999995 0.3433335 0.018125000000000002 0.031667
1 0.2759375 0.6545829999999999 0.010624999999999996 0.01749999999999996
1 0.2878125 0.719583 0.015625 0.022499999999999964
1 0.29093749999999996 0.666667 0.014374999999999971 0.020000000000000018
1 0.30656249999999996 0.65625 0.011875000000000024 0.02083400000000002
1 0.3159375 0.46291649999999995 0.023125000000000007 0.029167
1 0.34781249999999997 0.7129165 0.01687500000000003 0.02083299999999999
1 0.3490625 0.732917 0.014375000000000027 0.022500000000000075
1 0.36531250000000004 0.6204164999999999 0.013124999999999998 0.02083299999999999
1 0.3678125 0.66875 0.013124999999999998 0.02416600000000002
1 0.378125 0.6245835 0.010000000000000009 0.019167000000000045
1 0.39156250000000004 0.6791670000000001 0.009374999999999967 0.015000000000000013
1 0.39156250000000004 0.6920835000000001 0.009374999999999967 0.01416699999999993
1 0.4 0.68875 0.010000000000000009 0.02083400000000002
1 0.4175 0.67625 0.013749999999999984 0.019166000000000016
1 0.455625 0.6279170000000001 0.03125 0.04250000000000009
1 0.4665625 0.6916665 0.011874999999999969 0.021666999999999992
1 0.476875 0.69875 0.016249999999999987 0.022499999999999964
1 0.47750000000000004 0.6891665 0.012500000000000011 0.016666999999999987
1 0.4890625 0.5329165 0.015625 0.025832999999999995
1 0.5453125000000001 0.27583349999999995 0.03187499999999999 0.048333000000000015
1 0.5821875 0.5304165000000001 0.015625 0.02416699999999994
1 0.6112500000000001 0.569583 0.016249999999999987 0.022500000000000075
1 0.6803125 0.3470835 0.015625 0.024166999999999994
1 0.6971875000000001 0.705417 0.02312499999999995 0.03249999999999997
1 0.71 0.7208330000000001 0.02375000000000005 0.039999999999999925
1 0.7268749999999999 0.834167 0.036250000000000004 0.050000000000000044
1 0.8096875 0.5245835 0.015625 0.025832999999999995
1 0.8121875000000001 0.384583 0.010624999999999996 0.017500000000000016
1 0.9871875 0.25958349999999997 0.014375000000000027 0.024166999999999994
