1 0.0425 0.0892855 0.07875 0.10714300000000002
1 0.0159375 0.16652850000000002 0.020624999999999998 0.068937
1 0.029062499999999998 0.14701 0.028124999999999997 0.029899999999999982
1 0.07125 0.1495015 0.06124999999999999 0.048172999999999994
1 0.105625 0.0859635 0.075 0.103821
1 0.161875 0.15323900000000001 0.06875 0.082226
1 0.178125 0.0755815 0.08000000000000002 0.093023
1 0.2371875 0.154485 0.08437499999999998 0.096346
1 0.2571875 0.0755815 0.08812500000000001 0.10631299999999999
1 0.30625 0.166528 0.07 0.11711
1 0.336875 0.076412 0.07874999999999999 0.101328
1 0.36468750000000005 0.1258305 0.049375 0.068937
1 0.4040625 0.1565615 0.08437499999999998 0.10714299999999999
1 0.424375 0.082226 0.07999999999999996 0.09634599999999999
1 0.4540625 0.046512 0.05687500000000001 0.079734
1 0.4825 0.13662749999999999 0.07999999999999996 0.122093
1 0.535625 0.1179405 0.036250000000000004 0.063123
1 0.5784374999999999 0.1391195 0.083125 0.12209300000000001
1 0.604375 0.046926999999999996 0.08499999999999996 0.070598
1 0.6634374999999999 0.1303985 0.08437499999999998 0.101329
1 0.6596875 0.033638 0.05062500000000003 0.032392000000000004
1 0.7296875 0.052326 0.08437499999999998 0.091362
1 0.7503124999999999 0.145349 0.08187500000000003 0.08804000000000001
1 0.813125 0.037791 0.08250000000000002 0.062292
1 0.834375 0.148256 0.08125000000000004 0.10382000000000001
1 0.8953125 0.038206000000000004 0.08187500000000003 0.054818000000000006
1 0.901875 0.1445185 0.07374999999999998 0.09302300000000001
1 0.95875 0.1179405 0.07624999999999993 0.05980100000000001
1 0.9568749999999999 0.0361295 0.04625000000000001 0.034053
1 0.9724999999999999 0.155731 0.04625000000000001 0.07059800000000001
