1 0.2003125 0.6466665 0.18062500000000004 0.271667
1 0.39125 0.315 0.31125 0.36333400000000005
1 0.3109375 0.5070835 0.026875000000000038 0.02416700000000005
1 0.3228125 0.49874999999999997 0.020625000000000004 0.02749999999999997
1 0.346875 0.497083 0.03249999999999997 0.02749999999999997
1 0.3590625 0.48250000000000004 0.02562500000000001 0.018334000000000017
1 0.369375 0.4870835 0.007500000000000007 0.02083299999999999
1 0.3803125 0.4770835 0.016874999999999973 0.029167
1 0.4265625 0.467917 0.02562500000000001 0.027500000000000024
1 0.42125 0.48250000000000004 0.010000000000000009 0.008334000000000008
1 0.4296875 0.4504165 0.024375000000000036 0.02416700000000005
1 0.4515625 0.449583 0.021875000000000033 0.03249999999999997
1 0.46125000000000005 0.4270835 0.03375 0.025832999999999995
1 0.48531250000000004 0.4325 0.01687500000000003 0.036665999999999976
1 0.4878125 0.41375 0.01687500000000003 0.015834000000000015
1 0.5240625 0.40041649999999995 0.026874999999999982 0.024166999999999994
1 0.5265625 0.4195835 0.01937500000000003 0.030833
1 0.5393749999999999 0.42625 0.022500000000000075 0.034165999999999974
1 0.535625 0.39708350000000003 0.011249999999999982 0.014166999999999985
1 0.5490625 0.400417 0.02562500000000001 0.027500000000000024
1 0.5596874999999999 0.38625 0.020625000000000004 0.015834000000000015
1 0.5715625 0.3833335 0.021874999999999978 0.016666999999999987
1 0.5840624999999999 0.38375000000000004 0.018125000000000058 0.024165999999999965
1 0.596875 0.38958349999999997 0.03125 0.03583299999999995
1 0.6065625 0.3654165 0.026874999999999982 0.025832999999999995
1 0.6634375 0.4641665 0.13312499999999994 0.07333299999999998
1 0.6128125 0.42125 0.024375000000000036 0.03749999999999998
1 0.61375 0.3879165 0.012499999999999956 0.029167
1 0.63 0.3629165 0.03499999999999992 0.030833
1 0.6253124999999999 0.42374999999999996 0.013124999999999942 0.02916599999999997
1 0.6331249999999999 0.38875000000000004 0.026249999999999996 0.04083399999999998
1 0.6371875 0.42125 0.018124999999999947 0.034165999999999974
1 0.6534375 0.4129165 0.018124999999999947 0.034167
1 0.6575 0.3725 0.026249999999999996 0.046665999999999985
1 0.65375 0.4279165 0.015000000000000013 0.02083299999999999
1 0.6703125 0.35625 0.015625 0.02749999999999997
1 0.6721874999999999 0.3954165 0.01937500000000003 0.044166999999999956
1 0.6771875 0.41708350000000005 0.02312499999999995 0.03916700000000001
1 0.6878124999999999 0.3595835 0.026875000000000093 0.030833
1 0.6878124999999999 0.38 0.01937500000000003 0.04166599999999998
1 0.6996875 0.3983335 0.021874999999999978 0.04333300000000001
1 0.709375 0.4129165 0.028750000000000053 0.034167
1 0.7096875 0.3783335 0.024375000000000036 0.04166700000000001
1 0.7171875 0.3679165 0.02562500000000001 0.034167
1 0.7190624999999999 0.427917 0.02937500000000004 0.02749999999999997
1 0.7246874999999999 0.400417 0.018125000000000058 0.027500000000000024
1 0.7359375 0.41208350000000005 0.016874999999999973 0.029167
1 0.7371875 0.3870835 0.016874999999999973 0.034167
1 0.7421875 0.37375 0.02187500000000009 0.03250000000000003
1 0.7446875 0.4341665 0.014374999999999916 0.018332999999999988
1 0.7496875000000001 0.409167 0.021874999999999978 0.03500000000000003
1 0.7571875 0.38333300000000003 0.013125000000000053 0.034999999999999976
1 0.75625 0.4254165 0.008750000000000036 0.025832999999999995
1 0.7634375 0.40125 0.010624999999999996 0.022499999999999964
1 0.9359375000000001 0.9204165 0.02937500000000004 0.07416699999999998
1 0.9715625000000001 0.9091670000000001 0.051875000000000004 0.06500000000000006
