1 0.06 0.24624800000000002 0.07375000000000001 0.10788
1 0.11125 0.0173545 0.05875 0.034709
1 0.103125 0.25750449999999997 0.012499999999999997 0.059098999999999985
1 0.138125 0.1674485 0.06874999999999999 0.111633
1 0.3878125 0.4305815 0.03312499999999996 0.05816100000000002
1 0.489375 0.1758915 0.11000000000000004 0.184803
1 0.549375 0.4906195 0.036250000000000004 0.05628499999999992
1 0.596875 0.43152 0.04125000000000001 0.06941799999999998
1 0.598125 0.530957 0.03374999999999995 0.048780000000000046
1 0.62625 0.5145405 0.036250000000000004 0.05722299999999997
1 0.673125 0.211069 0.06000000000000005 0.08630399999999996
1 0.7075 0.491557 0.03875000000000006 0.061914000000000025
1 0.7115625 0.42213849999999997 0.03312500000000007 0.05816099999999996
1 0.75625 0.37335850000000004 0.053749999999999964 0.08255099999999999
1 0.75125 0.47514049999999997 0.03874999999999995 0.05909899999999996
1 0.7575 0.4385555 0.04125000000000001 0.05909900000000001
1 0.7746875 0.493433 0.034375000000000044 0.065666
1 0.8428125 0.271107 0.078125 0.129456
1 0.9521875 0.293152 0.09437499999999999 0.20731800000000003
