1 0.611667 0.8590625000000001 0.22999999999999993 0.17812499999999998
1 0.6508335000000001 0.54125 0.21166699999999994 0.15375000000000005
1 0.7266665 0.6678125 0.24166700000000008 0.18062500000000004
1 0.7495835 0.27125 0.219167 0.18125
1 0.795 0.44406249999999997 0.21833400000000003 0.156875
1 0.806667 0.9053125 0.20499999999999996 0.16437500000000005
1 0.8845835 0.545 0.229167 0.19124999999999998
1 0.914167 0.7309375 0.17000000000000004 0.17062500000000003
1 0.9175 0.3390625 0.16333399999999998 0.216875
1 0.9620835000000001 0.44999999999999996 0.07416699999999998 0.06
