1 0.0678105 0.7165035 0.050653 0.06372499999999992
1 0.0931375 0.6699345 0.078431 0.07189500000000004
1 0.09395400000000001 0.6184639999999999 0.060458 0.06045800000000001
1 0.116013 0.729575 0.078432 0.06372599999999995
1 0.11274500000000001 0.531863 0.058824 0.05065399999999998
1 0.119281 0.5874185 0.06862800000000001 0.06045699999999998
1 0.140523 0.6429739999999999 0.07189599999999999 0.06372600000000006
1 0.151961 0.504902 0.068628 0.07516399999999995
1 0.14869300000000002 0.4354575 0.058824000000000015 0.06045699999999998
1 0.16421550000000001 0.6911765 0.066993 0.05555500000000002
1 0.1691175 0.5588234999999999 0.07026100000000002 0.06535900000000006
1 0.1789215 0.724673 0.066993 0.05065399999999998
1 0.19199349999999998 0.4681375 0.08660100000000001 0.080065
1 0.1960785 0.404412 0.08823499999999998 0.06045800000000001
1 0.19444450000000002 0.602941 0.078431 0.062091999999999925
1 0.1993465 0.642157 0.06209100000000001 0.05555599999999994
1 0.2058825 0.349673 0.068627 0.05882399999999999
1 0.2181375 0.5171570000000001 0.07352900000000001 0.06045800000000001
1 0.231209 0.5604575 0.06372599999999998 0.05228700000000008
1 0.25 0.3210785 0.08823599999999998 0.07026100000000002
1 0.25 0.38480400000000003 0.06535999999999997 0.07026199999999999
1 0.251634 0.4419935 0.06862799999999997 0.06045699999999998
1 0.263072 0.488562 0.068628 0.04901999999999995
1 0.272876 0.271242 0.06536 0.05882399999999999
1 0.2941175 0.4166665 0.068627 0.05555500000000002
1 0.3071895 0.36928099999999997 0.065359 0.06862799999999997
1 0.3063725 0.31699350000000004 0.06045699999999998 0.065359
1 0.3178105 0.251634 0.06699299999999997 0.08496799999999999
1 0.35048999999999997 0.2009805 0.05719000000000002 0.05555499999999999
1 0.354575 0.35702599999999995 0.05882400000000004 0.05719000000000002
1 0.370915 0.3071895 0.078432 0.07189500000000004
1 0.382353 0.25490199999999996 0.07189599999999996 0.078432
1 0.40359449999999997 0.18300650000000002 0.07189499999999999 0.078431
1 0.4248365 0.3006535 0.05555500000000002 0.04901899999999998
1 0.44607850000000004 0.256536 0.065359 0.07516399999999998
1 0.4575165 0.14460800000000001 0.065359 0.044118000000000004
1 0.4673205 0.1968955 0.07843099999999997 0.076797
1 0.499183 0.25898699999999997 0.05718999999999996 0.060457999999999984
1 0.519608 0.1576795 0.07516399999999995 0.070261
1 0.525327 0.23039199999999999 0.07026199999999999 0.07516399999999998
1 0.5612745 0.25817 0.05065300000000006 0.058824000000000015
1 0.5727125 0.19035950000000001 0.07026100000000002 0.07679699999999998
1 0.5808825 0.142157 0.07026100000000002 0.052288
1 0.607843 0.245915 0.07189599999999996 0.076798
1 0.638889 0.1789215 0.07516400000000001 0.08660100000000001
1 0.640523 0.283497 0.05882399999999999 0.05065399999999998
1 0.6756535 0.227941 0.07352899999999996 0.07679800000000003
1 0.6952615 0.27941150000000003 0.07352899999999996 0.08169900000000002
1 0.7009805 0.1715685 0.06209100000000001 0.07516300000000001
1 0.7197709999999999 0.3202615 0.05065400000000009 0.058823000000000014
1 0.739379 0.2132355 0.07026200000000005 0.07352900000000001
1 0.7614380000000001 0.2761435 0.07843199999999995 0.078431
1 0.770425 0.3423205 0.08006599999999997 0.08333300000000005
1 0.7826795 0.390523 0.06209100000000001 0.062092000000000036
1 0.8022875 0.226307 0.05882299999999996 0.063726
1 0.8259805 0.4109475 0.076797 0.07352900000000001
1 0.8276145 0.272059 0.07352899999999996 0.07352999999999998
1 0.8235295 0.464869 0.06209100000000001 0.05065400000000003
1 0.8349675 0.3439545 0.08169899999999997 0.07352899999999996
1 0.847222 0.5506535 0.066994 0.05555500000000002
1 0.8578429999999999 0.504085 0.08496800000000004 0.07353000000000004
1 0.869281 0.640523 0.06862800000000002 0.052288
1 0.8766339999999999 0.3096405 0.07679800000000003 0.06372499999999998
1 0.8864380000000001 0.5923205 0.08987 0.07352899999999996
1 0.877451 0.7303919999999999 0.06862800000000002 0.062091999999999925
1 0.884804 0.44607850000000004 0.08006599999999997 0.07189499999999999
1 0.8946075 0.7843135 0.08660099999999993 0.07189500000000004
1 0.8946080000000001 0.6846405 0.07352999999999998 0.06535899999999994
1 0.8986925 0.370098 0.08169899999999997 0.08333400000000002
1 0.9174835 0.5522875 0.08006500000000005 0.07843100000000003
1 0.9305555 0.743464 0.08006500000000005 0.07516400000000001
1 0.9379085 0.637255 0.08169899999999997 0.07843200000000006
1 0.9444445 0.485294 0.08169899999999997 0.07189599999999996
1 0.9444444999999999 0.4150325 0.07843100000000003 0.065359
1 0.9624185000000001 0.8088234999999999 0.07189499999999993 0.07843100000000003
1 0.9665035 0.6960785 0.06372499999999992 0.07516299999999998
1 0.9673205 0.5816995 0.06209100000000001 0.06535900000000006
1 0.968954 0.522876 0.05882399999999999 0.06536000000000003
1 0.9697709999999999 0.454248 0.02450999999999992 0.022876000000000007
1 0.981209 0.745098 0.034313999999999956 0.05882399999999999
1 0.9828429999999999 0.638072 0.031046000000000018 0.05718999999999996
