1 0.015781 0.4073385 0.01495 0.031094999999999984
1 0.08139550000000001 0.3849505 0.05980100000000001 0.09825900000000004
1 0.13995 0.10074649999999999 0.037376000000000006 0.05970099999999999
1 0.137043 0.431592 0.01827200000000001 0.01741200000000004
1 0.142857 0.18097000000000002 0.02657800000000002 0.04353199999999999
1 0.1648675 0.2207715 0.01910299999999998 0.03855700000000001
1 0.20058150000000002 0.300373 0.025746999999999992 0.048507999999999996
1 0.19684400000000002 0.3899255 0.016611999999999988 0.031094999999999984
1 0.21387050000000002 0.401741 0.01910300000000001 0.034826000000000024
1 0.22715950000000001 0.1498755 0.01411900000000002 0.031094999999999984
1 0.2416945 0.094527 0.019933000000000034 0.04477600000000001
1 0.26495 0.334577 0.019934000000000007 0.029849999999999988
1 0.2828075 0.3650495 0.04900300000000002 0.08333300000000005
1 0.275332 0.1337065 0.029069999999999985 0.048506999999999995
1 0.30730900000000005 0.1660445 0.023256 0.041045
1 0.322259 0.2126865 0.021594000000000002 0.03233900000000001
1 0.338455 0.0541045 0.020764000000000005 0.033583
1 0.3405315 0.4123135 0.024917000000000022 0.02114499999999997
1 0.36337200000000003 0.377488 0.053986000000000034 0.09079599999999999
1 0.3803985 0.1666665 0.021594999999999975 0.037312999999999985
1 0.4406145 0.10323399999999999 0.03073100000000001 0.054726
1 0.663621 0.493781 0.45348799999999995 0.71393
1 0.44725950000000003 0.2077115 0.01578099999999999 0.027363
1 0.6403655 0.033582 0.034883 0.059702000000000005
