1 0.334375 0.484991 0.048750000000000016 0.08818000000000004
1 0.37375 0.48217600000000005 0.05624999999999997 0.06754200000000005
1 0.4046875 0.47936199999999995 0.03812500000000002 0.07879999999999993
1 0.42125 0.4840525 0.036250000000000004 0.09193300000000004
1 0.4346875 0.4859285 0.03937499999999999 0.10318899999999998
1 0.4615625 0.4821765 0.06812499999999999 0.10318899999999998
1 0.48875 0.4207315 0.05249999999999999 0.03470899999999999
1 0.49906249999999996 0.474672 0.02437499999999998 0.08817999999999993
1 0.525625 0.46857400000000005 0.065 0.09287000000000006
1 0.5375 0.761726 0.05499999999999994 0.05816200000000005
