1 0.016406 0.1354165 0.032812 0.116667
1 0.0515625 0.0416665 0.103125 0.083333
1 0.0695315 0.1177085 0.089063 0.135417
1 0.13125 0.0395835 0.07500000000000001 0.079167
1 0.157031 0.1166665 0.104688 0.145833
1 0.1835935 0.19375 0.067187 0.07500000000000001
1 0.2265625 0.0333335 0.10624900000000001 0.066667
1 0.2546875 0.1375 0.09062499999999998 0.158334
1 0.298438 0.17812499999999998 0.09375 0.11458399999999999
1 0.31640650000000003 0.053125 0.11093700000000001 0.10625
1 0.378125 0.1760415 0.1875 0.277083
1 0.4203125 0.0458335 0.109375 0.091667
1 0.41874999999999996 0.1947915 0.08124999999999999 0.08541699999999999
1 0.4718745 0.096875 0.09062499999999996 0.139584
1 0.5328120000000001 0.053125 0.09999999999999998 0.10625
1 0.5492189999999999 0.1322915 0.073438 0.07708300000000001
1 0.6523435 0.0927085 0.16406299999999996 0.185417
1 0.632031 0.05 0.06406200000000006 0.1
1 0.646094 0.1354165 0.07968800000000009 0.12083300000000001
1 0.7140625 0.0822915 0.08437499999999998 0.097917
1 0.855469 0.288542 0.21093799999999996 0.21875000000000003
1 0.775781 0.0541665 0.04843800000000009 0.108333
1 0.817969 0.2114585 0.073438 0.11458299999999999
1 0.8328125 0.1104165 0.08437499999999998 0.12083300000000001
1 0.833594 0.4333335 0.07656199999999991 0.10416700000000001
1 0.8421875 0.0364585 0.06562500000000004 0.072917
1 0.884375 0.15625 0.10624999999999996 0.11249999999999999
1 0.8875 0.26145799999999997 0.11249999999999993 0.10625000000000001
1 0.908594 0.361458 0.11093799999999998 0.10624999999999996
1 0.917969 0.4458335 0.09531199999999995 0.07083300000000003
1 0.9226565 0.0583335 0.098437 0.108333
1 0.95625 0.1875 0.084376 0.09999999999999998
1 0.964063 0.416667 0.06875000000000009 0.08750000000000002
1 0.9664065 0.296875 0.06406300000000009 0.13124999999999998
1 0.9695315 0.0583335 0.057813 0.116667
