1 0.330619 0.74359 0.661238 0.19047599999999998
1 0.132736 0.5213675 0.200326 0.170941
1 0.168567 0.301587 0.20683999999999997 0.18070799999999998
1 0.19136799999999998 0.9261295 0.02442999999999998 0.025640999999999914
1 0.355049 0.5976805000000001 0.211726 0.17460299999999995
1 0.39332249999999996 0.306471 0.21986899999999998 0.19047599999999998
1 0.3933225 0.45116 0.18078100000000003 0.13308999999999999
1 0.4934855 0.6904764999999999 0.12052099999999993 0.07936500000000002
1 0.525244 0.3034185 0.13192199999999998 0.15262499999999998
1 0.5570029999999999 0.6135535 0.17263799999999996 0.15018299999999996
1 0.5749185 0.44261300000000003 0.19543899999999997 0.15751000000000004
1 0.6091205 0.704518 0.12377899999999997 0.05860799999999999
1 0.710912 0.3119655 0.200326 0.15506699999999998
