1 0.1646875 0.5497185 0.329375 0.7917449999999999
1 0.286875 0.7781425 0.27125 0.441839
1 0.3459375 0.2016885 0.38187499999999996 0.403377
1 0.4475 0.4540335 0.26750000000000007 0.5365850000000001
1 0.5084375 0.688086 0.20812500000000006 0.37242
1 0.59125 0.435272 0.05500000000000005 0.21763599999999994
1 0.625625 0.6238275 0.06000000000000005 0.23639699999999997
1 0.7159375 0.2115385 0.234375 0.423077
1 0.721875 0.556285 0.20125000000000004 0.32833
1 0.801875 0.792683 0.2849999999999999 0.41275799999999996
1 0.7578125 0.447467 0.17312499999999997 0.21951200000000004
1 0.845 0.43808650000000005 0.04749999999999999 0.12007499999999999
1 0.8909374999999999 0.586304 0.12687499999999996 0.21951199999999998
