1 0.209434 0.33875 0.09937200000000002 0.02416600000000002
1 0.20503149999999998 0.243333 0.077987 0.04999999999999999
1 0.255346 0.282083 0.09559799999999999 0.08249999999999999
1 0.2723275 0.20958349999999998 0.09937099999999999 0.07583300000000001
1 0.289937 0.33375 0.104402 0.07583400000000001
1 0.5773585 0.2975 0.0729550000000001 0.05499999999999999
1 0.6150945 0.3333335 0.06792500000000001 0.04166700000000001
1 0.6352205 0.27 0.08050299999999999 0.061666000000000026
1 0.6389935 0.3175 0.07798700000000003 0.046665999999999985
1 0.7339625000000001 0.28500000000000003 0.06415099999999996 0.03999999999999998
1 0.7761005 0.278333 0.06540900000000005 0.050000000000000044
1 0.816981 0.29125 0.054088000000000025 0.02749999999999997
1 0.828302 0.30125 0.03899399999999997 0.014166000000000012
