1 0.04875 0.796333 0.0975 0.40535200000000005
1 0.1875 0.8077305 0.24375000000000002 0.38255700000000004
1 0.0875 0.6575815 0.03125 0.05252699999999999
1 0.1553125 0.4563925 0.05687500000000001 0.09613500000000003
1 0.2471875 0.9390485 0.07562499999999997 0.11992100000000006
1 0.2315625 0.409316 0.039374999999999966 0.075322
1 0.298125 0.9430130000000001 0.05250000000000005 0.11199199999999998
1 0.36812500000000004 0.3721505 0.06375000000000003 0.11793900000000002
1 0.396875 0.945986 0.08124999999999999 0.10604600000000008
1 0.44375 0.320119 0.10500000000000004 0.18037599999999998
1 0.4315625 0.732904 0.03562500000000002 0.06441999999999992
1 0.43875 0.6392465 0.03750000000000003 0.065411
1 0.4578125 0.9757185 0.04312499999999997 0.046580999999999984
1 0.4653125 0.578295 0.03187499999999999 0.060456000000000065
1 0.521875 0.9722500000000001 0.12125000000000002 0.053518000000000066
1 0.515 0.9013875 0.10499999999999998 0.147671
1 0.48343749999999996 0.8181365 0.03437499999999999 0.05054499999999995
1 0.6090625000000001 0.9003965 0.11187500000000006 0.19524299999999994
1 0.5678125 0.640733 0.021874999999999978 0.03865199999999991
1 0.625625 0.735877 0.05249999999999999 0.08424199999999993
1 0.6184375 0.423687 0.01937500000000003 0.05649199999999999
1 0.6684375 0.44697749999999997 0.09062499999999996 0.18434099999999998
1 0.6856249999999999 0.974232 0.10124999999999995 0.04955399999999999
1 0.6834374999999999 0.8994055 0.083125 0.13181299999999996
1 0.6984375 0.34241849999999996 0.02312499999999995 0.044599
1 0.721875 0.4702675 0.016249999999999987 0.026758999999999977
1 0.72875 0.9058475 0.015000000000000013 0.06342899999999996
1 0.78 0.927651 0.11250000000000004 0.14271600000000007
1 0.8184374999999999 0.4251735 0.06437499999999996 0.107037
