1 0.0258335 0.2890625 0.051667 0.07562500000000005
1 0.0416665 0.398125 0.083333 0.19125000000000003
1 0.0683335 0.3353125 0.056667 0.09937499999999999
1 0.125 0.4640625 0.061666 0.05312499999999998
1 0.13416699999999998 0.51375 0.07999999999999999 0.07375000000000004
1 0.1491665 0.409375 0.073333 0.06625000000000003
1 0.1754165 0.455625 0.07583299999999998 0.07374999999999998
1 0.21541699999999997 0.514375 0.08249999999999999 0.08875
1 0.20625 0.42593749999999997 0.04083400000000001 0.05812500000000004
1 0.255 0.45218749999999996 0.08833400000000002 0.070625
1 0.27 0.49906249999999996 0.03666600000000003 0.04812499999999997
1 0.29625 0.47968750000000004 0.02083400000000002 0.049375
1 0.32916650000000003 0.4546875 0.086667 0.11937500000000001
1 0.37124999999999997 0.47687499999999994 0.05250000000000005 0.05124999999999996
1 0.4066665 0.48625 0.06333299999999997 0.06625000000000003
1 0.510417 0.47968750000000004 0.027500000000000024 0.029374999999999984
1 0.53 0.4840625 0.025000000000000022 0.04062500000000002
1 0.549167 0.48062499999999997 0.04500000000000004 0.06124999999999997
1 0.5708335 0.46968750000000004 0.06666700000000003 0.06687500000000002
1 0.6254165 0.46125000000000005 0.07916699999999999 0.09375000000000006
1 0.6479165 0.4765625 0.03416700000000006 0.04312499999999997
1 0.6720835000000001 0.481875 0.054166999999999965 0.04625000000000001
1 0.6895830000000001 0.44156249999999997 0.0525000000000001 0.05812500000000004
1 0.6995830000000001 0.5015625 0.032500000000000084 0.034375000000000044
1 0.72 0.48343749999999996 0.050000000000000044 0.05312500000000003
1 0.7208335 0.41875 0.043333000000000066 0.03249999999999997
1 0.7325 0.44937499999999997 0.043333999999999984 0.04624999999999996
1 0.745 0.503125 0.04499999999999993 0.04749999999999999
1 0.75875 0.4484375 0.03583400000000003 0.04812499999999997
1 0.8225 0.46375 0.07333400000000001 0.08000000000000002
1 0.827083 0.41125 0.07250000000000001 0.05125000000000002
1 0.85 0.36124999999999996 0.08166600000000002 0.07
1 0.8658334999999999 0.47750000000000004 0.08666699999999994 0.08375000000000005
1 0.8829165 0.4040625 0.089167 0.07687500000000003
1 0.9025 0.3634375 0.03166599999999997 0.020625000000000004
1 0.942917 0.4553125 0.0774999999999999 0.07687500000000003
1 0.9524999999999999 0.38093750000000004 0.08666600000000002 0.08187499999999998
1 0.965417 0.485 0.0675 0.08374999999999999
1 0.982083 0.425 0.03249999999999997 0.04249999999999998
