1 0.268 0.8013494999999999 0.14800000000000002 0.2983509999999999
1 0.28600000000000003 0.5862069999999999 0.08800000000000002 0.146926
1 0.406 0.6754125 0.172 0.23838099999999995
1 0.359 0.585457 0.062 0.08845600000000009
1 0.4305 0.53973 0.04500000000000004 0.07196400000000003
1 0.55 0.6169415 0.07599999999999996 0.13643099999999997
1 0.5489999999999999 0.514243 0.051999999999999935 0.10794600000000004
1 0.6225 0.558471 0.09700000000000009 0.148426
1 0.62 0.835832 0.040000000000000036 0.05847000000000002
1 0.6515 0.8133429999999999 0.02100000000000002 0.04047999999999996
1 0.6635 0.6274365 0.03500000000000003 0.08245899999999995
1 0.6925 0.7803595000000001 0.07699999999999996 0.13343300000000002
1 0.6885 0.8425785 0.06299999999999994 0.06896499999999994
1 0.7685 0.8080955 0.049000000000000044 0.08995500000000001
1 0.8005 0.781859 0.04299999999999993 0.037482000000000015
1 0.8109999999999999 0.8185910000000001 0.04799999999999993 0.05996999999999997
1 0.9095 0.738381 0.03300000000000003 0.10045000000000004
