1 0.010254 0.411458 0.020508 0.0625
1 0.0410155 0.3235675 0.082031 0.11328099999999997
1 0.0498045 0.6204425 0.099609 0.384115
1 0.0654295 0.8945315 0.130859 0.208333
1 0.0356445 0.3548175 0.06152300000000001 0.07682299999999997
1 0.0444335 0.4108075 0.049804999999999995 0.08463500000000002
1 0.0815425 0.407552 0.040039 0.07291600000000004
1 0.9487304999999999 0.8678385 0.10058500000000004 0.214843
1 0.9541014999999999 0.5970055 0.089843 0.35807300000000003
1 0.9379885 0.409505 0.0498050000000001 0.06640599999999997
1 0.9575195000000001 0.326823 0.08300699999999994 0.11979199999999995
1 0.961914 0.3489585 0.0625 0.08333299999999999
1 0.9785155 0.39974 0.041015000000000024 0.065104
