1 0.0977635 0.27001 0.026837 0.030857999999999997
1 0.0971245 0.32786899999999997 0.023002999999999996 0.030857999999999997
1 0.1073485 0.29797450000000003 0.020446999999999993 0.032786999999999955
1 0.1316295 0.4136935 0.017891000000000004 0.025073000000000012
1 0.15079900000000002 0.2478305 0.010223999999999983 0.02700099999999997
1 0.1546325 0.33558350000000003 0.015334999999999988 0.030859000000000025
1 0.1559105 0.20732899999999999 0.015334999999999988 0.02507200000000001
1 0.171246 0.3254585 0.04600599999999999 0.051109000000000016
1 0.1610225 0.2545805 0.017891000000000018 0.028928999999999983
1 0.169968 0.27675950000000005 0.01789199999999999 0.027000999999999997
1 0.1846645 0.28254599999999996 0.01916899999999999 0.034716000000000025
1 0.196166 0.29411750000000003 0.019169999999999993 0.038573000000000024
1 0.2115015 0.29797450000000003 0.008945000000000008 0.027000999999999997
1 0.21661350000000001 0.30135 0.016613000000000017 0.029893999999999976
1 0.2153355 0.2729025 0.011501000000000011 0.023143000000000025
1 0.223642 0.27675950000000005 0.015335999999999989 0.027000999999999997
1 0.316294 0.596914 0.11757200000000001 0.10221800000000003
1 0.2670925 0.31244000000000005 0.014056999999999986 0.030857999999999997
1 0.2690095 0.2844745 0.015334999999999988 0.021214999999999984
1 0.3277955 0.732401 0.132907 0.10704000000000002
1 0.2766775 0.2970105 0.015334999999999988 0.03085899999999997
1 0.280511 0.3172615 0.015336000000000016 0.025072999999999956
1 0.3495205 0.8085825 0.130351 0.12439699999999998
1 0.6543129999999999 0.5486985 0.07284400000000002 0.08100299999999994
1 0.665176 0.478785 0.04600599999999999 0.06268000000000007
1 0.7495205 0.412729 0.031949000000000005 0.05207400000000001
1 0.7623005 0.4271935 0.029393000000000002 0.057858999999999994
1 0.771246 0.455159 0.029392000000000085 0.04435800000000001
1 0.7782745 0.385728 0.020446999999999993 0.025071999999999983
1 0.7891375 0.41465799999999997 0.029393000000000002 0.04821599999999998
1 0.8338655 0.46287350000000005 0.031949000000000005 0.05593100000000001
1 0.8479235 0.47589149999999997 0.031949000000000005 0.05110899999999996
1 0.8517575 0.5009645 0.026837 0.03953699999999999
1 0.8677315000000001 0.463838 0.028115 0.05014400000000002
1 0.873802 0.19093549999999998 0.015974000000000044 0.025072999999999984
1 0.881789 0.213115 0.015336000000000016 0.023143999999999998
1 0.891374 0.19672099999999998 0.014057999999999904 0.017358000000000012
