0 0.2365 0.49666699999999997 0.02099999999999999 0.043999999999999984
0 0.2825 0.1873335 0.04299999999999998 0.118667
0 0.2985 0.28600000000000003 0.015000000000000013 0.02266600000000002
0 0.3645 0.1606665 0.017000000000000015 0.017333000000000015
0 0.444 0.276 0.10799999999999998 0.23466599999999999
0 0.5575 0.228 0.06899999999999995 0.10400000000000004
0 0.5785 0.9313335 0.027000000000000024 0.030667
0 0.669 0.14200000000000002 0.030000000000000027 0.025333999999999995
0 0.8995 0.8486665 0.03700000000000003 0.07333299999999998
0 0.9775 0.860667 0.03700000000000003 0.028000000000000025
