1 0.135625 0.295833 0.028749999999999998 0.044999999999999984
1 0.16749999999999998 0.2916665 0.03 0.046667000000000014
1 0.196875 0.29583349999999997 0.03875000000000001 0.058333000000000024
1 0.24562499999999998 0.279167 0.031249999999999972 0.04500000000000004
1 0.266875 0.2916665 0.03125 0.053332999999999964
1 0.29937499999999995 0.28833299999999995 0.03375 0.06
1 0.33999999999999997 0.268333 0.034999999999999976 0.05000000000000002
1 0.3825 0.2758335 0.03500000000000003 0.05166700000000002
1 0.448125 0.2833335 0.043749999999999956 0.06333300000000003
1 0.505 0.2691665 0.040000000000000036 0.048333000000000015
1 0.5706249999999999 0.2566665 0.04375000000000007 0.05333299999999999
1 0.629375 0.26333300000000004 0.04875000000000007 0.06
1 0.690625 0.27999999999999997 0.04625000000000001 0.06666599999999998
1 0.7962499999999999 0.243333 0.04749999999999999 0.07
1 0.87625 0.2233335 0.05249999999999999 0.05666699999999997
1 0.9550000000000001 0.215 0.05500000000000005 0.07
