1 0.10791 0.7979505 0.075196 0.10248900000000005
1 0.100586 0.6976575 0.056639999999999996 0.10102500000000003
1 0.131836 0.919473 0.04492199999999999 0.09663200000000005
1 0.1479495 0.7269399999999999 0.07519499999999998 0.13323600000000002
1 0.16650350000000003 0.6339680000000001 0.067383 0.11127399999999998
1 0.168945 0.8133235 0.0625 0.08345500000000006
1 0.20068350000000001 0.726208 0.077149 0.09955999999999998
1 0.8095705 0.6412884999999999 0.046875 0.10248899999999994
1 0.8432615 0.9114199999999999 0.07910100000000009 0.065886
1 0.869141 0.9604685 0.09375 0.07613499999999995
1 0.9194335 0.942167 0.08105499999999999 0.112738
1 0.938965 0.91142 0.09082000000000001 0.13616399999999995
