1 0.1273435 0.35546849999999997 0.11406300000000001 0.10781299999999999
1 0.135156 0.1351565 0.126562 0.117187
1 0.1390625 0.246875 0.11249900000000002 0.109374
1 0.1570315 0.4734375 0.09531300000000001 0.09062500000000007
1 0.1484375 0.40625 0.04062500000000002 0.05937400000000004
1 0.15625 0.321094 0.04375000000000001 0.07656200000000002
1 0.1703125 0.2226565 0.06562499999999999 0.07656299999999999
1 0.21250000000000002 0.3007815 0.12500000000000003 0.12031299999999998
1 0.216406 0.1976565 0.10781199999999999 0.11093699999999998
1 0.21484350000000002 0.409375 0.09843700000000002 0.09687400000000002
1 0.24218800000000001 0.500781 0.1 0.09843800000000003
1 0.2710935 0.3695315 0.07968700000000001 0.09531299999999998
1 0.272656 0.26953099999999997 0.07656200000000002 0.09531200000000001
1 0.2765625 0.4523435 0.062501 0.07656299999999999
1 0.603906 0.35625 0.06718799999999991 0.0625
1 0.609375 0.4242185 0.06875000000000009 0.07031299999999996
1 0.603125 0.300781 0.04062600000000005 0.073438
1 0.630469 0.30546850000000003 0.073438 0.08281299999999997
1 0.619531 0.4703125 0.035937999999999914 0.046875
1 0.65625 0.3726565 0.0656239999999999 0.07031299999999996
1 0.6703125 0.461719 0.06562500000000004 0.06718800000000003
1 0.6867190000000001 0.409375 0.06406199999999995 0.059375999999999984
1 0.684375 0.3320315 0.05625000000000002 0.067187
