1 0.056444 0.0590625 0.112888 0.118125
1 0.095014 0.295 0.190028 0.10750000000000001
1 0.1185325 0.18343749999999998 0.237065 0.19812499999999997
1 0.24223899999999998 0.0609375 0.29821200000000003 0.121875
1 0.19049850000000002 0.3765625 0.143933 0.09562500000000002
1 0.2135465 0.4721875 0.174977 0.109375
1 0.3033865 0.1653125 0.241769 0.16562500000000002
1 0.2789275 0.4003125 0.12135499999999999 0.109375
1 0.309972 0.29500000000000004 0.17215399999999997 0.11125000000000002
1 0.3174975 0.33968750000000003 0.079963 0.025624999999999953
1 0.373001 0.2890625 0.09313200000000005 0.105625
1 0.482126 0.3840625 0.10065800000000003 0.09437500000000004
1 0.9623705 0.6246875000000001 0.07337700000000003 0.07687499999999992
1 0.9778925 0.45562499999999995 0.042333000000000065 0.09374999999999994
1 0.9793035 0.3559375 0.039511000000000074 0.09562500000000002
1 0.9816555 0.54375 0.03480700000000003 0.08875
