1 0.2334375 0.900563 0.289375 0.196998
1 0.39812499999999995 0.716229 0.10625000000000001 0.17917399999999994
1 0.4065625 0.197467 0.09562499999999996 0.134146
1 0.4378125 0.292214 0.08687500000000004 0.10975600000000002
1 0.44125000000000003 0.0806755 0.08625 0.159475
1 0.41031249999999997 0.130863 0.011875000000000024 0.014071999999999987
1 0.4759375 0.165572 0.08562500000000006 0.14728000000000002
1 0.5265625 0.09568499999999999 0.08437499999999998 0.150094
1 0.5359375 0.2246715 0.09562500000000002 0.11538500000000002
1 0.5503125 0.1571295 0.024375000000000036 0.023453
1 0.625625 0.7242025000000001 0.08499999999999996 0.13320900000000002
