1 0.19437500000000002 0.672608 0.05124999999999999 0.08067599999999997
1 0.498125 0.47748599999999997 0.65125 0.733584
1 0.475 0.6477485 0.10000000000000003 0.137899
1 0.59875 0.508443 0.25750000000000006 0.320826
1 0.525625 0.1355535 0.06125000000000003 0.09849899999999999
1 0.5471874999999999 0.185741 0.07187500000000002 0.10131399999999999
1 0.5640625 0.2138835 0.059374999999999956 0.08067499999999997
1 0.5740625 0.082552 0.07937499999999997 0.13133199999999998
1 0.6018749999999999 0.1454035 0.04749999999999999 0.06003699999999999
1 0.6440625 0.10553499999999999 0.06062499999999993 0.111632
