1 0.7789060000000001 0.599219 0.082812 0.08906200000000009
1 0.8304685 0.6640625 0.08281299999999991 0.07187499999999991
1 0.8796875 0.7710935 0.08437499999999998 0.09531299999999998
1 0.8773439999999999 0.2554685 0.042188 0.04531300000000002
1 0.884375 0.2078125 0.05312399999999995 0.053125000000000006
1 0.9070315 0.698437 0.07343699999999997 0.07499999999999996
1 0.8882815 0.063281 0.026563000000000003 0.032811999999999994
1 0.902344 0.18125000000000002 0.05468799999999996 0.056249999999999994
1 0.903125 0.055469 0.018749999999999933 0.023438
1 0.9078125 0.0179685 0.02500100000000005 0.035937
1 0.925 0.277344 0.04999999999999993 0.051562
1 0.917187 0.0078125 0.012499999999999956 0.015625
1 0.9296875 0.028905999999999998 0.03750100000000001 0.045312
1 0.9437495 0.500781 0.059374999999999956 0.06718800000000003
1 0.939063 0.1390625 0.043749999999999956 0.046875
1 0.933594 0.007031 0.026561999999999975 0.014062
1 0.965625 0.30781250000000004 0.05312600000000001 0.056250999999999995
1 0.961719 0.153125 0.035938000000000025 0.04374999999999998
1 0.96875 0.0054685 0.028126000000000095 0.010937
1 0.9718745 0.053905999999999996 0.034375000000000044 0.035938
1 0.980469 0.017969 0.026561999999999975 0.026562
