1 0.0553125 0.587711 0.071875 0.094746
1 0.0540625 0.6721385 0.028125000000000004 0.032833
1 0.14968749999999997 0.5787994999999999 0.048125 0.071295
1 0.2084375 0.49108799999999997 0.030625000000000013 0.04408999999999996
1 0.21875 0.576923 0.04375000000000001 0.06379000000000001
1 0.2578125 0.262664 0.06812499999999999 0.212008
1 0.2659375 0.39258899999999997 0.02562500000000001 0.05159399999999997
1 0.2709375 0.34380900000000003 0.030625000000000013 0.04221400000000003
1 0.37375 0.49530949999999996 0.04124999999999995 0.07692300000000002
1 0.400625 0.4812385 0.05125000000000002 0.07879900000000006
1 0.43062500000000004 0.502345 0.044999999999999984 0.066604
1 0.7684375 0.0257975 0.04437500000000005 0.051595
1 0.77875 0.08630399999999999 0.03749999999999998 0.069418
1 0.7946875 0.1017825 0.06687500000000002 0.09287099999999998
1 0.805625 0.163227 0.0625 0.080676
1 0.8159375 0.0356475 0.06812499999999999 0.071295
1 0.8518749999999999 0.08630399999999999 0.057499999999999996 0.084428
1 0.8325 0.1252345 0.016249999999999987 0.023453
1 0.864375 0.15197 0.06000000000000005 0.08442799999999999
