1 0.0659375 0.17416700000000002 0.021875 0.04000000000000001
1 0.0746875 0.1379165 0.021875000000000006 0.035833000000000004
1 0.0884375 0.1741665 0.020625000000000004 0.04333300000000001
1 0.16125 0.1591665 0.024999999999999994 0.05166699999999999
1 0.1678125 0.1141665 0.029374999999999984 0.05666699999999998
1 0.18375 0.1708335 0.03375 0.05666700000000002
1 0.2790625 0.16541699999999998 0.024375000000000036 0.04250000000000001
1 0.2846875 0.13 0.015625 0.043334
1 0.311875 0.14625 0.04375000000000001 0.08583400000000001
1 0.32625 0.052917 0.05125000000000002 0.08750000000000001
1 0.344375 0.1354165 0.04375000000000001 0.08083299999999999
1 0.6496875 0.12875 0.09187500000000004 0.184166
1 0.696875 0.0225 0.08250000000000002 0.045
1 0.7421875 0.12541650000000001 0.11062499999999997 0.194167
1 0.85375 0.1616665 0.02750000000000008 0.04333299999999998
1 0.861875 0.12375 0.039999999999999925 0.07083400000000001
1 0.890625 0.07375 0.0462499999999999 0.07416600000000001
