1 0.01875 0.22999999999999998 0.0375 0.056249999999999994
1 0.0258335 0.0875 0.051667 0.08374999999999999
1 0.0279165 0.7665625 0.055833 0.05937500000000007
1 0.0325 0.6553125 0.065 0.06312499999999999
1 0.0429165 0.98 0.085833 0.03875000000000006
1 0.0491665 0.5615625 0.063333 0.05312499999999998
1 0.0683335 0.4546875 0.06166700000000001 0.05812500000000004
1 0.09125 0.32125 0.10249999999999998 0.08875
1 0.0783335 0.7459374999999999 0.036667000000000005 0.02937500000000004
1 0.0966665 0.8615625 0.07333300000000001 0.05812499999999998
1 0.09791649999999999 0.609375 0.039166999999999993 0.03624999999999989
1 0.1129165 0.7109375 0.05416700000000001 0.05437500000000006
1 0.1354165 0.0603125 0.090833 0.090625
1 0.1504165 0.9465625 0.120833 0.10562499999999997
1 0.1358335 0.1909375 0.086667 0.080625
1 0.155 0.5915625 0.11666599999999999 0.09937499999999999
1 0.175417 0.4853125 0.057499999999999996 0.04437499999999994
1 0.1845835 0.8459375 0.065833 0.06187500000000001
1 0.22875 0.301875 0.13249999999999998 0.11499999999999999
1 0.22583350000000002 0.458125 0.09333300000000003 0.08499999999999996
1 0.1991665 0.7775000000000001 0.031667 0.05500000000000005
1 0.20875 0.6834374999999999 0.027499999999999997 0.04437499999999994
1 0.300833 0.0653125 0.185 0.104375
1 0.291667 0.94625 0.13 0.10625000000000007
1 0.295833 0.7406250000000001 0.13 0.12124999999999997
1 0.29374999999999996 0.579375 0.10249999999999998 0.08875
1 0.28458300000000003 0.4778125 0.04750000000000004 0.05312500000000003
1 0.3108335 0.18062499999999998 0.08166699999999999 0.06625
1 0.3758335 0.29781250000000004 0.093333 0.08187499999999998
1 0.392917 0.46562499999999996 0.08250000000000002 0.07
1 0.43625 0.6040625 0.14583400000000002 0.1518750000000001
1 0.4304165 0.94625 0.12083300000000002 0.10625000000000007
1 0.42374999999999996 0.7809375000000001 0.08916600000000002 0.104375
1 0.45416650000000003 0.903125 0.06833300000000003 0.03375000000000006
1 0.4941665 0.17625 0.14333300000000004 0.11999999999999998
1 0.485 0.44375 0.038334000000000035 0.036250000000000004
1 0.520417 0.3059375 0.08250000000000002 0.08187499999999998
1 0.53625 0.035625 0.10916600000000004 0.07125
1 0.5329165 0.43343750000000003 0.06583300000000003 0.049375
1 0.57875 0.700625 0.15250000000000008 0.1349999999999999
1 0.5741665 0.8912500000000001 0.11166699999999996 0.09875
1 0.5762499999999999 0.5359375 0.07583400000000007 0.06687500000000002
1 0.5808335 0.43843750000000004 0.05166699999999991 0.043125000000000024
1 0.6525 0.18906250000000002 0.13666599999999995 0.110625
1 0.658333 0.32343750000000004 0.125 0.09562500000000002
1 0.6208335 0.441875 0.031667 0.02250000000000002
1 0.672083 0.0440625 0.10749999999999993 0.088125
1 0.7424999999999999 0.9625 0.17499999999999993 0.07374999999999998
1 0.748333 0.8134375 0.15500000000000003 0.13812499999999994
1 0.77 0.6034375 0.09333400000000003 0.078125
1 0.8574999999999999 0.37625 0.16000000000000003 0.14375
1 0.9179165 0.900625 0.12583299999999997 0.10749999999999993
1 0.9408335 0.5478125 0.11666700000000008 0.10812500000000003
1 0.9808335 0.34906250000000005 0.036667000000000005 0.044375
