1 0.0196875 0.977401 0.039375 0.043313999999999964
1 0.10625 0.8352165 0.06375 0.090395
1 0.15999999999999998 0.9835214999999999 0.06875 0.031073000000000017
1 0.1759375 0.9152545000000001 0.080625 0.09604500000000005
1 0.178125 0.85452 0.048750000000000016 0.05555600000000005
1 0.3371875 0.971751 0.070625 0.05461400000000005
1 0.4084375 0.510829 0.07437499999999997 0.09886999999999996
1 0.40875 0.8884179999999999 0.053749999999999964 0.09321999999999997
1 0.52 0.9171374999999999 0.07125000000000004 0.09604500000000005
1 0.5909375 0.9689265 0.07562500000000005 0.060262999999999955
1 0.600625 0.913371 0.06874999999999998 0.09981200000000001
1 0.6803125 0.9642185 0.07437500000000008 0.06967900000000005
1 0.7609375 0.712806 0.08437499999999998 0.06591399999999992
1 0.8128124999999999 0.7928435 0.14687499999999998 0.15630900000000003
