1 0.1477485 0.374375 0.21106899999999998 0.19124999999999998
1 0.25 0.3225 0.241088 0.22
1 0.303002 0.1490625 0.23827399999999999 0.201875
1 0.322233 0.42500000000000004 0.066604 0.04999999999999999
1 0.413227 0.38656250000000003 0.21857400000000005 0.19187499999999996
1 0.4427765 0.22 0.22514100000000004 0.20375000000000004
1 0.5375235 0.2934375 0.118199 0.16562499999999997
1 0.6360224999999999 0.159375 0.20825499999999997 0.20125
1 0.6285175000000001 0.29 0.18198900000000007 0.155
1 0.739681 0.19437500000000002 0.12289000000000005 0.17250000000000001
1 0.8400559999999999 0.20125 0.21482199999999996 0.20625
