1 0.005625 0.343489 0.01125 0.02921600000000002
1 0.006875 0.0454925 0.01375 0.035892999999999994
1 0.0215625 0.505426 0.043125 0.14941600000000005
1 0.023125 0.165275 0.04625 0.11519200000000002
1 0.0365625 0.092654 0.073125 0.096828
1 0.0409375 0.28255450000000004 0.081875 0.12771300000000002
1 0.0528125 0.9398995 0.105625 0.11853099999999994
1 0.0565625 0.387312 0.113125 0.11686200000000002
1 0.105625 0.7742070000000001 0.21125 0.413188
1 0.02125 0.027546 0.04 0.055092
1 0.106875 0.543823 0.19874999999999998 0.29632800000000004
1 0.076875 0.18823049999999997 0.1225 0.126043
1 0.0728125 0.050501 0.09937499999999999 0.101002
1 0.1146875 0.291319 0.13937500000000003 0.10517600000000002
1 0.1084375 0.1364775 0.103125 0.090985
1 0.17656249999999998 0.367279 0.18062499999999998 0.11519200000000002
1 0.14750000000000002 0.08430750000000001 0.10500000000000001 0.093489
1 0.11875 0.0179465 0.041249999999999995 0.035893
1 0.1590625 0.23038400000000003 0.11687499999999999 0.10350600000000001
1 0.16749999999999998 0.043823 0.095 0.087646
1 0.1915625 0.1640235 0.104375 0.09098500000000001
1 0.22375 0.3080135 0.13 0.11686099999999999
1 0.308125 0.5584305 0.28375 0.39065099999999997
1 0.2221875 0.12145249999999999 0.101875 0.07762899999999999
1 0.209375 0.0292155 0.05499999999999999 0.058431
1 0.254375 0.2333055 0.12000000000000002 0.08263699999999999
1 0.25125 0.09015050000000001 0.0925 0.088481
1 0.281875 0.17988300000000002 0.12 0.08931599999999998
1 0.265 0.06260399999999999 0.08124999999999999 0.09182
1 0.2453125 0.0050085 0.016874999999999973 0.010017
1 0.2925 0.035893 0.08000000000000002 0.071786
1 0.36625 0.4027545 0.20875 0.23455699999999996
1 0.3196875 0.1581805 0.09562500000000002 0.07929900000000001
1 0.3615625 0.274207 0.166875 0.13438999999999998
1 0.33375 0.128965 0.09250000000000003 0.07596000000000001
1 0.345625 0.061769500000000005 0.08750000000000002 0.051753
1 0.34875 0.09348899999999999 0.08625 0.06677799999999999
1 0.3228125 0.0146075 0.01937500000000003 0.029215
1 0.35531250000000003 0.055509 0.06562499999999999 0.07763
1 0.3384375 0.011269 0.014375000000000027 0.022538
1 0.37125 0.043823 0.0625 0.07095199999999999
1 0.4009375 0.21994999999999998 0.11812500000000004 0.08764599999999997
1 0.37375 0.0050085 0.05499999999999999 0.010017
1 0.4003125 0.192404 0.104375 0.065944
1 0.3821875 0.0317195 0.046875 0.060101
1 0.42156249999999995 0.164858 0.09062500000000001 0.06928200000000001
1 0.42500000000000004 0.1398165 0.08124999999999999 0.049249
1 0.42093749999999996 0.0797165 0.06562499999999999 0.030884999999999996
1 0.428125 0.12187 0.07749999999999996 0.05509199999999999
1 0.4253125 0.096828 0.06687500000000002 0.045076000000000005
1 0.4253125 0.07262099999999999 0.06187500000000001 0.04507599999999999
1 0.43437499999999996 0.043823 0.05375000000000002 0.032554
1 0.4125 0.0100165 0.006250000000000033 0.020033
1 0.43625 0.0692825 0.04999999999999999 0.05175299999999999
1 0.43625 0.034641 0.04750000000000004 0.034224000000000004
1 0.438125 0.022954999999999996 0.04625000000000001 0.027545999999999998
1 0.418125 0.0041735 0.0050000000000000044 0.008347
1 0.513125 0.3138565 0.17125 0.257095
1 0.535625 0.1965775 0.16749999999999998 0.077629
1 0.4865625 0.08221999999999999 0.05687500000000001 0.027546
1 0.473125 0.070952 0.027500000000000024 0.011686000000000002
1 0.5090625 0.1640235 0.09937499999999999 0.032555
1 0.48125 0.110601 0.036250000000000004 0.025875999999999996
1 0.4915625 0.098915 0.05437500000000006 0.029215999999999992
1 0.499375 0.1485805 0.07000000000000006 0.033389
1 0.49750000000000005 0.1298 0.06375000000000003 0.032554000000000013
1 0.4996875 0.1373125 0.05937500000000007 0.017529000000000017
1 0.614375 0.39065099999999997 0.24750000000000005 0.310518
1 0.538125 0.12020049999999999 0.03375000000000006 0.010016999999999984
1 0.5409375 0.1260435 0.02562500000000001 0.008346999999999993
1 0.5471874999999999 0.13480799999999998 0.03562499999999991 0.01919800000000002
1 0.7268749999999999 0.590568 0.3762500000000001 0.4632720000000001
1 0.558125 0.1381465 0.03500000000000003 0.012521000000000004
1 0.5621875000000001 0.1540065 0.026875000000000093 0.019198999999999994
1 0.579375 0.1469115 0.03374999999999995 0.02504099999999998
1 0.59125 0.0271285 0.04625000000000001 0.037563
1 0.5859375 0.002504 0.030624999999999902 0.005008
1 0.591875 0.15525850000000002 0.04249999999999998 0.04674500000000001
1 0.59375 0.0550915 0.04125000000000001 0.05175299999999999
1 0.6146875 0.1565105 0.055624999999999925 0.07262099999999999
1 0.799375 0.7988314999999999 0.4 0.400667
1 0.6471875 0.1777965 0.09437499999999999 0.12520900000000001
1 0.625 0.011686 0.03750000000000009 0.023372
1 0.6290625000000001 0.0271285 0.04312499999999997 0.037563
1 0.634375 0.065943 0.04249999999999998 0.053422
1 0.64 0.0959935 0.043749999999999956 0.06176899999999999
1 0.659375 0.019615999999999998 0.04375000000000007 0.035894
1 0.71875 0.1899 0.15500000000000003 0.154424
1 0.67125 0.0375625 0.04125000000000001 0.045075000000000004
1 0.6781250000000001 0.0763775 0.03749999999999998 0.067613
1 0.6956249999999999 0.0187815 0.03375000000000006 0.037563
1 0.7753125000000001 0.2595995 0.17562500000000003 0.233723
1 0.7793749999999999 0.1264605 0.015000000000000013 0.01919899999999998
1 0.8400000000000001 0.11519199999999999 0.11875000000000002 0.071786
1 0.8978125 0.32929850000000005 0.203125 0.46160300000000004
1 0.94625 0.08889799999999999 0.10625000000000007 0.07596
1 0.96625 0.47537549999999995 0.06625000000000003 0.297997
