1 0.1278125 0.420678 0.07187500000000001 0.14113799999999999
1 0.22999999999999998 0.44693649999999996 0.05124999999999999 0.12800899999999998
1 0.3375 0.6126915 0.05375000000000002 0.11378499999999991
1 0.435 0.66849 0.06874999999999998 0.16411399999999998
1 0.4434375 0.2516415 0.03687499999999999 0.08096300000000003
1 0.5940624999999999 0.47155349999999996 0.04062500000000002 0.10065699999999994
1 0.66625 0.49617049999999996 0.0675 0.13238499999999992
1 0.7809375 0.6384025 0.02562500000000001 0.05798700000000001
1 0.81375 0.678884 0.03249999999999997 0.05798599999999998
1 0.8309375 0.6159735 0.03312500000000007 0.05908100000000005
1 0.8340624999999999 0.7089715000000001 0.02937500000000004 0.05689299999999997
1 0.8534375000000001 0.7078775 0.03187499999999999 0.054705000000000004
1 0.8615625 0.5913569999999999 0.028124999999999956 0.075492
1 0.8987499999999999 0.6214445 0.03874999999999995 0.08752700000000002
