1 0.1103125 0.257533 0.220625 0.41902
1 0.118125 0.709981 0.23625 0.5781540000000001
1 0.285625 0.834275 0.36 0.329566
1 0.27156250000000004 0.49717500000000003 0.278125 0.38041400000000003
1 0.20781249999999998 0.2142185 0.08687499999999998 0.243879
1 0.244375 0.3003765 0.007500000000000007 0.01883299999999999
1 0.2503125 0.289548 0.011874999999999969 0.02165800000000001
1 0.263125 0.294727 0.016249999999999987 0.022598000000000007
1 0.29000000000000004 0.29755200000000004 0.013749999999999984 0.020716000000000012
1 0.30281250000000004 0.2909605 0.01687500000000003 0.01883299999999999
1 0.30218750000000005 0.299435 0.013124999999999998 0.013182000000000027
1 0.3615625 0.669962 0.06187500000000001 0.08945400000000003
1 0.36312500000000003 0.3455745 0.016250000000000042 0.013183
1 0.3771875 0.359228 0.01937500000000003 0.032955999999999985
1 0.3871875 0.3822975 0.01687500000000003 0.016948999999999992
1 0.39125 0.373823 0.016249999999999987 0.026366
1 0.39625 0.4053675 0.013749999999999984 0.032957000000000014
1 0.4071875 0.3766475 0.020625000000000004 0.016949000000000047
1 0.41093749999999996 0.4411485 0.023125000000000007 0.042372999999999994
1 0.4134375 0.352166 0.02812500000000001 0.08474599999999999
1 0.41812499999999997 0.4006595 0.03250000000000003 0.042372999999999994
1 0.4278125 0.4289075 0.020625000000000004 0.036723000000000006
1 0.4328125 0.36016950000000003 0.030625000000000013 0.038607
1 0.4371875 0.3083805 0.016874999999999973 0.025422999999999973
1 0.44718749999999996 0.408663 0.02812500000000001 0.01883199999999996
1 0.4515625 0.350753 0.01687500000000003 0.025424000000000002
1 0.4559375 0.4251415 0.020625000000000004 0.031073000000000017
1 0.4565625 0.39218450000000005 0.014374999999999971 0.012241000000000002
1 0.4659375 0.398776 0.020625000000000004 0.025424000000000002
1 0.46375 0.415254 0.0050000000000000044 0.015066000000000024
1 0.47250000000000003 0.41855 0.017500000000000016 0.029189999999999994
1 0.6053124999999999 0.4458565 0.020625000000000004 0.036723000000000006
1 0.6084375 0.47504749999999996 0.026874999999999982 0.036723000000000006
1 0.7421875 0.8173254999999999 0.29437500000000005 0.36346500000000004
1 0.6134375 0.433616 0.024375000000000036 0.03860600000000003
1 0.63125 0.4919965 0.040000000000000036 0.051788999999999974
1 0.6234375000000001 0.45856850000000005 0.01937500000000003 0.02259899999999998
1 0.6315625 0.3554615 0.021874999999999978 0.036723000000000006
1 0.6409375 0.4345575 0.02562500000000001 0.040489
1 0.6475 0.464218 0.03874999999999995 0.054613999999999996
1 0.6421875 0.3724105 0.015625 0.021656999999999982
1 0.6465624999999999 0.3427495 0.021874999999999978 0.03013100000000002
1 0.653125 0.404426 0.018749999999999933 0.08945400000000003
1 0.6578125 0.514595 0.028124999999999956 0.06497200000000003
1 0.6646875 0.356403 0.024375000000000036 0.038605999999999974
1 0.6690624999999999 0.4364405 0.010624999999999996 0.038607
1 0.6740625 0.485405 0.018124999999999947 0.016007999999999967
1 0.6809375 0.5428435 0.028124999999999956 0.031073000000000017
1 0.6884375 0.467514 0.04312499999999997 0.049906000000000006
1 0.678125 0.437382 0.020000000000000018 0.025424000000000002
1 0.6815625000000001 0.5117700000000001 0.021874999999999978 0.03860600000000003
1 0.7165625 0.3968925 0.07937499999999997 0.095103
1 0.7012499999999999 0.4246705 0.04375000000000007 0.03013100000000002
1 0.6971875000000001 0.5353105 0.02312499999999995 0.03672300000000006
1 0.7021875 0.5089455 0.02562500000000001 0.04048900000000005
1 0.7262500000000001 0.423729 0.016249999999999987 0.024482000000000004
1 0.7340625000000001 0.39218450000000005 0.026875000000000093 0.046138999999999986
1 0.7396875 0.4251415 0.030625000000000013 0.042372999999999994
1 0.7575000000000001 0.3446325 0.019999999999999907 0.032015000000000016
1 0.8653125 0.48258 0.02562500000000001 0.03672399999999998
1 0.9178124999999999 0.4919965 0.08437499999999998 0.051788999999999974
1 0.8996875 0.537194 0.015625 0.03860600000000003
1 0.9099999999999999 0.5089455 0.028749999999999942 0.04613900000000004
1 0.913125 0.5645009999999999 0.03500000000000003 0.04613999999999996
1 0.906875 0.535782 0.011249999999999982 0.015066000000000024
1 0.9271875 0.532486 0.026875000000000093 0.040490000000000026
1 0.946875 0.5725045 0.05125000000000002 0.065913
1 0.9434374999999999 0.502354 0.030625000000000013 0.03672399999999998
1 0.9453125 0.473164 0.024375000000000036 0.025424000000000002
1 0.9584375 0.44774 0.025624999999999898 0.04048999999999997
1 0.9746875 0.5230695000000001 0.046875 0.066855
1 0.9684375000000001 0.3526365 0.02937500000000004 0.038607
1 0.9715625 0.4298495 0.028124999999999956 0.119585
1 0.9715625 0.47975500000000004 0.018124999999999947 0.03107399999999999
1 0.9796875 0.45527300000000004 0.024374999999999925 0.04048999999999997
1 0.986875 0.5828625000000001 0.025000000000000022 0.07156299999999993
1 0.993125 0.5 0.012500000000000067 0.03578199999999998
