1 0.310938 0.2789065 0.05625000000000002 0.073437
1 0.325781 0.346094 0.06093799999999999 0.07968799999999998
1 0.383594 0.43437499999999996 0.026561999999999975 0.021874000000000005
1 0.3945315 0.396875 0.035937 0.04999999999999999
1 0.4234375 0.410156 0.046875 0.051562
1 0.432031 0.174219 0.042188 0.051562000000000024
1 0.461719 0.2140625 0.06093799999999999 0.068749
1 0.455469 0.4164065 0.029687999999999992 0.02968700000000002
1 0.4734375 0.1539065 0.05312499999999998 0.054686999999999986
1 0.500781 0.1414065 0.039061999999999986 0.02968699999999999
1 0.521875 0.178906 0.06562599999999996 0.05468799999999999
