1 0.1115625 0.0074975 0.019375000000000003 0.014995
1 0.16 0.0609185 0.10375000000000001 0.121837
1 0.16999999999999998 0.472821 0.04124999999999998 0.059043999999999985
1 0.17781249999999998 0.5299905 0.03687500000000002 0.05342100000000005
1 0.20468750000000002 0.022493 0.076875 0.044986
1 0.2021875 0.5135894999999999 0.044375 0.05998099999999995
1 0.2053125 0.452671 0.041874999999999996 0.065604
1 0.2134375 0.09418950000000001 0.045625 0.051546999999999996
1 0.21875 0.4325215 0.03875000000000001 0.036551
1 0.213125 0.544049 0.014999999999999986 0.02155599999999991
1 0.255 0.059044 0.09875 0.118088
1 0.23625000000000002 0.47000949999999997 0.05125000000000002 0.05716899999999997
1 0.235 0.47891249999999996 0.046249999999999986 0.04873499999999997
1 0.23593750000000002 0.532802 0.03812499999999999 0.05154600000000009
1 0.304375 0.0112465 0.036250000000000004 0.022493
