1 0.0228125 0.826923 0.045625 0.10037600000000002
1 0.04 0.7317075 0.08 0.136961
1 0.0528125 0.619606 0.083125 0.11350799999999994
1 0.07625 0.8818010000000001 0.10250000000000001 0.16698000000000002
1 0.0846875 0.5576925 0.09312500000000001 0.12288900000000003
1 0.073125 0.40525350000000004 0.0425 0.07692300000000002
1 0.1159375 0.4577865 0.125625 0.14258900000000002
1 0.115 0.6904315 0.11000000000000001 0.165103
1 0.1334375 0.34521599999999997 0.11437499999999999 0.15572199999999997
1 0.11656250000000001 0.9530955 0.07812500000000001 0.09193300000000004
1 0.1578125 0.797373 0.088125 0.15196999999999994
1 0.176875 0.5689495 0.10875000000000001 0.16979300000000003
1 0.1628125 0.2326455 0.06312499999999999 0.08442700000000003
1 0.203125 0.1777675 0.11499999999999999 0.16041299999999997
1 0.20125 0.3208255 0.10625000000000001 0.14258900000000002
1 0.21218750000000003 0.654315 0.08937500000000001 0.10975599999999996
1 0.23249999999999998 0.454972 0.10750000000000001 0.15572200000000003
1 0.22218749999999998 0.0605065 0.071875 0.121013
1 0.263125 0.0487805 0.10250000000000001 0.097561
1 0.2678125 0.5487805 0.08562499999999998 0.13696099999999994
1 0.2790625 0.15197 0.07937499999999997 0.16135
1 0.299375 0.29221400000000003 0.09999999999999998 0.145404
1 0.2915625 0.38930549999999997 0.07687500000000003 0.07879900000000001
1 0.3025 0.45450250000000003 0.03500000000000003 0.05534699999999998
1 0.3603125 0.0384615 0.11937500000000001 0.076923
1 0.355 0.2321765 0.08124999999999999 0.11538499999999999
1 0.375 0.134146 0.09499999999999997 0.150094
1 0.359375 0.31144499999999997 0.053749999999999964 0.08817999999999998
1 0.44156249999999997 0.052064 0.08687499999999998 0.104128
1 0.439375 0.140244 0.05249999999999999 0.09287000000000001
1 0.5259375000000001 0.033771 0.08937500000000004 0.067542
1 0.8396875 0.31566649999999996 0.026874999999999982 0.05347099999999999
1 0.8853125 0.31097549999999996 0.020625000000000004 0.04033700000000001
1 0.934375 0.322233 0.016249999999999987 0.04408999999999996
1 0.9746874999999999 0.317542 0.03312499999999996 0.06097600000000003
