1 0.2095835 0.4675 0.04083300000000001 0.05124999999999996
1 0.245 0.4246875 0.07499999999999998 0.05437500000000001
1 0.255417 0.47281249999999997 0.08250000000000002 0.059374999999999956
1 0.2633335 0.4075 0.05666700000000002 0.03750000000000003
1 0.2791665 0.4959375 0.038333000000000006 0.04437499999999994
1 0.2916665 0.5053124999999999 0.031667 0.03562499999999996
1 0.3179165 0.4446875 0.07083300000000003 0.05437500000000001
1 0.38958349999999997 0.43374999999999997 0.059167000000000025 0.01874999999999999
1 0.45375 0.445625 0.07750000000000001 0.04249999999999998
1 0.519583 0.44125000000000003 0.07749999999999996 0.044999999999999984
1 0.5491665 0.49249999999999994 0.08166699999999993 0.06124999999999997
1 0.55375 0.5234375 0.05416600000000005 0.020624999999999893
1 0.586667 0.4275 0.07999999999999996 0.05499999999999999
1 0.5958335 0.5225 0.04833299999999996 0.03249999999999997
1 0.62 0.47687500000000005 0.08666599999999991 0.065
1 0.6608335000000001 0.41312499999999996 0.08666699999999994 0.06
1 0.71875 0.4515625 0.08916600000000008 0.06187499999999996
1 0.735 0.38656250000000003 0.09333400000000003 0.075625
1 0.8087500000000001 0.4146875 0.09083399999999997 0.073125
1 0.8262499999999999 0.355 0.08416600000000007 0.05624999999999997
1 0.88875 0.4371875 0.09583399999999997 0.06312499999999999
1 0.8933335 0.32499999999999996 0.08666700000000005 0.05499999999999999
1 0.90125 0.374375 0.09749999999999992 0.065
1 0.95875 0.4003125 0.08083400000000007 0.07187500000000002
1 0.9645835 0.3275 0.06916699999999998 0.08000000000000002
