0 0.11249999999999999 0.0919325 0.03624999999999999 0.06378900000000001
0 0.35875 0.611163 0.5125 0.5
0 0.3728125 0.20966200000000002 0.023125000000000007 0.021576000000000012
0 0.57375 0.196529 0.06125000000000003 0.393058
0 0.655 0.061913499999999996 0.05249999999999999 0.056284999999999995
0 0.674375 0.2152905 0.02375000000000005 0.032833
0 0.6725 0.141182 0.012499999999999956 0.038461999999999996
0 0.6846875 0.347561 0.026874999999999982 0.03471000000000002
0 0.6950000000000001 0.37335850000000004 0.008749999999999925 0.016884999999999983
0 0.698125 0.4685745 0.012499999999999956 0.030957000000000012
