1 0.3180115 0.49624750000000006 0.10944299999999996 0.11444700000000002
1 0.36616649999999995 0.405566 0.085679 0.11444599999999999
1 0.3899315 0.5856785 0.101939 0.10569099999999998
1 0.413696 0.48905550000000003 0.10944399999999999 0.11757300000000004
1 0.4368355 0.3771105 0.10068699999999997 0.12632900000000002
1 0.459975 0.5497185 0.07817400000000002 0.08880500000000002
1 0.4890555 0.424953 0.08505299999999999 0.08567799999999998
1 0.5025015 0.5056285 0.10569100000000003 0.10569100000000003
1 0.5131335 0.609756 0.10569100000000003 0.10631599999999997
1 0.57192 0.44652899999999995 0.11069400000000007 0.12132599999999999
