1 0.0221875 0.0701505 0.044375 0.140301
1 0.0690625 0.0216575 0.09437500000000001 0.043315
1 0.3828125 0.408663 0.06687500000000002 0.09604599999999996
1 0.4009375 0.07580049999999999 0.07437499999999997 0.117703
1 0.4165625 0.4449155 0.026874999999999982 0.031072999999999962
1 0.4609375 0.176083 0.06687500000000002 0.14501
1 0.4815625 0.059322 0.07437500000000002 0.118644
1 0.8109375 0.36016950000000003 0.038124999999999964 0.053673000000000026
1 0.8325 0.299435 0.05125000000000002 0.09039600000000003
1 0.856875 0.3728815 0.05874999999999997 0.08286299999999996
