1 0.246667 0.24781250000000002 0.18 0.12687500000000002
1 0.2058335 0.1871875 0.093333 0.03937499999999999
1 0.268333 0.1265625 0.16 0.136875
1 0.34708300000000003 0.233125 0.15250000000000002 0.13874999999999998
1 0.3516665 0.074375 0.143333 0.14875
1 0.3683335 0.290625 0.06833300000000003 0.027500000000000024
1 0.4325 0.1675 0.15999999999999998 0.14375
1 0.44375 0.3225 0.09083400000000003 0.06125000000000003
1 0.49874999999999997 0.274375 0.1825 0.12999999999999998
1 0.45875 0.245 0.09749999999999998 0.0975
1 0.44583300000000003 0.08531250000000001 0.04999999999999999 0.030625
1 0.5170835 0.07 0.145833 0.14
1 0.56 0.2975 0.11333399999999993 0.08750000000000002
1 0.578333 0.1609375 0.15000000000000002 0.128125
1 0.6020835 0.2215625 0.06583300000000003 0.048125
1 0.79125 0.30093749999999997 0.22083399999999997 0.12437499999999999
