1 0.2103125 0.489681 0.374375 0.302064
1 0.6140625 0.46060049999999997 0.335625 0.36397699999999994
1 0.5109375 0.8269230000000001 0.05812500000000004 0.21857399999999994
1 0.5221875 0.9859285 0.021874999999999978 0.02626700000000004
1 0.5328125 0.954034 0.034375000000000044 0.065666
1 0.52875 0.6712009999999999 0.012500000000000067 0.04596600000000006
1 0.7134375 0.7875235 0.13437500000000002 0.35553500000000005
1 0.681875 0.9727954999999999 0.04499999999999993 0.05253300000000005
1 0.7028125000000001 0.9920264999999999 0.03312499999999996 0.014071000000000056
1 0.72875 0.96576 0.04875000000000007 0.066604
1 0.7559375 0.9901500000000001 0.03687499999999999 0.01782399999999995
1 0.763125 0.9676359999999999 0.03125 0.04971800000000004
