0 0.443359 0.4576825 0.06640599999999997 0.10807300000000003
0 0.258789 0.6178385 0.11914 0.06901100000000004
0 0.2773435 0.6536455000000001 0.08203099999999999 0.08333299999999999
0 0.273926 0.73112 0.016602000000000006 0.029948000000000086
0 0.2827145 0.7148435 0.012695000000000012 0.01822899999999994
0 0.29394549999999997 0.5234375 0.025390999999999997 0.04947900000000005
0 0.33984400000000003 0.3372395 0.05859399999999998 0.106771
0 0.33105450000000003 0.608724 0.039063000000000014 0.10286399999999996
0 0.37207049999999997 0.688802 0.029296999999999962 0.04166599999999998
0 0.4052735 0.6347659999999999 0.04882900000000001 0.08984399999999992
0 0.41699200000000003 0.7174480000000001 0.023438000000000014 0.02343799999999996
0 0.4355465 0.4934895 0.03320299999999998 0.044271000000000005
0 0.4711915 0.252604 0.02246100000000001 0.02604200000000001
0 0.49511700000000003 0.6790365 0.025390000000000024 0.053385000000000016
0 0.5996095 0.6445315 0.052734999999999976 0.07552100000000006
0 0.6171875 0.389323 0.029296999999999906 0.026041999999999954
0 0.6474610000000001 0.6953125 0.017577999999999983 0.02604099999999998
0 0.7465820000000001 0.6660155 0.028320000000000012 0.037760999999999934
0 0.7407225 0.5234375 0.014649000000000023 0.02604099999999998
0 0.751953 0.57487 0.037109999999999976 0.055989999999999984
0 0.7441405 0.707031 0.015625 0.02343799999999996
0 0.763184 0.34049450000000003 0.02050799999999997 0.01953100000000002
0 0.7944335 0.5527345 0.04980499999999999 0.131511
0 0.813477 0.0846355 0.03125 0.018228999999999995
0 0.8125 0.1276045 0.017578000000000094 0.013021000000000019
0 0.820801 0.0501305 0.014647999999999994 0.014323000000000002
0 0.8525395 0.660156 0.046875 0.05989600000000006
0 0.8613284999999999 0.2955725 0.029297000000000017 0.075521
0 0.8623045 0.7018230000000001 0.029297000000000017 0.02604200000000001
0 0.8618159999999999 0.3815105 0.024414000000000047 0.015625
0 0.9013675 0.6484375 0.019530999999999965 0.0520830000000001
0 0.908691 0.2148435 0.01074200000000003 0.02083299999999999
0 0.911133 0.6126305 0.013672000000000017 0.019530999999999965
0 0.9223635 0.3489585 0.014648999999999912 0.02083299999999999
0 0.9399415 0.496745 0.02832100000000004 0.11848999999999998
0 0.9326175 0.1302085 0.011719000000000035 0.01822900000000001
0 0.9472655 0.563802 0.021484999999999976 0.02083400000000002
0 0.9819335 0.607422 0.03417899999999996 0.035155999999999965
0 0.986328 0.513672 0.02148400000000006 0.055989999999999984
