0 0.022461000000000002 0.6061194999999999 0.03125 0.016927000000000025
0 0.041016 0.5885415 0.027344 0.01822899999999994
0 0.06103499999999999 0.5644534999999999 0.032226 0.019531000000000076
0 0.0698245 0.1829425 0.030272999999999994 0.04036500000000001
0 0.080078 0.545573 0.03125 0.01822999999999997
0 0.09765650000000001 0.5253905 0.033202999999999996 0.022135000000000016
0 0.108398 0.503255 0.013672000000000004 0.024739999999999984
0 0.1328125 0.470052 0.060547000000000004 0.059896000000000005
0 0.125 0.481771 0.013672000000000004 0.02343799999999996
0 0.1484375 0.46484349999999997 0.023436999999999986 0.023436999999999986
0 0.1625975 0.4427085 0.026367 0.02604099999999998
0 0.1791995 0.419922 0.02246099999999998 0.02213599999999999
0 0.195801 0.4003905 0.020508 0.02473900000000001
0 0.2104495 0.374349 0.012694999999999984 0.019531999999999994
0 0.229492 0.3535155 0.013672000000000017 0.01692699999999997
0 0.255371 0.3378905 0.018553999999999987 0.022135000000000016
0 0.3725585 0.535156 0.227539 0.317708
0 0.275391 0.3170575 0.017577999999999983 0.019530999999999965
0 0.29199200000000003 0.299479 0.013671999999999962 0.02343799999999996
0 0.3046875 0.7851565 0.03906299999999996 0.05208299999999999
0 0.3115235 0.2805985 0.013670999999999989 0.01692699999999997
0 0.33251949999999997 0.7597655 0.041993 0.055989000000000066
0 0.3374025 0.263672 0.016600999999999977 0.019531999999999994
0 0.35449200000000003 0.7272135 0.03515600000000002 0.050781000000000076
0 0.358887 0.246745 0.02050799999999997 0.027344000000000007
0 0.37792950000000003 0.6979165 0.03320300000000004 0.04947899999999994
0 0.37841800000000003 0.234375 0.02245999999999998 0.02604200000000001
0 0.39355450000000003 0.672526 0.025390999999999997 0.050781999999999994
0 0.4003905 0.2239585 0.025390999999999997 0.02604100000000001
0 0.416016 0.6477865 0.027344000000000035 0.050781000000000076
0 0.418457 0.2070315 0.014647999999999994 0.018228999999999995
0 0.538574 0.843099 0.23925799999999997 0.18880200000000003
0 0.428711 0.60612 0.013672000000000017 0.022135999999999934
0 0.4384765 0.20182299999999997 0.013670999999999989 0.018229999999999996
0 0.45019549999999997 0.59375 0.025390999999999997 0.04687599999999992
0 0.4628905 0.1992185 0.021485000000000032 0.015625
0 0.47021500000000005 0.5703125 0.02441399999999999 0.04947900000000005
0 0.48144549999999997 0.5416665 0.021485000000000032 0.04166700000000001
0 0.493652 0.5227865 0.024413999999999936 0.045572999999999975
0 0.491699 0.1959635 0.01074200000000003 0.009115000000000012
0 0.5068360000000001 0.499349 0.017577999999999983 0.040363999999999955
0 0.510254 0.19986949999999998 0.016602000000000006 0.014323000000000002
0 0.5219725 0.4798175 0.02636699999999992 0.040364999999999984
0 0.531738 0.460286 0.024414000000000047 0.03255199999999997
0 0.5288085 0.2141925 0.012695000000000012 0.03776099999999999
0 0.5405275 0.43684900000000004 0.012695000000000012 0.02734399999999998
0 0.5410159999999999 0.2233075 0.013672000000000017 0.04036500000000001
0 0.5498045 0.419271 0.02343700000000004 0.03906200000000004
0 0.557617 0.527344 0.037109999999999976 0.07031199999999999
0 0.5581055 0.40299450000000003 0.02832100000000004 0.04036500000000004
0 0.5585935 0.077474 0.02343700000000004 0.029948000000000002
0 0.563965 0.377604 0.03222599999999998 0.03125
0 0.567383 0.358073 0.025390000000000024 0.028646000000000005
0 0.568848 0.34049450000000003 0.024413999999999936 0.02213499999999996
0 0.5620115 0.32291650000000005 0.008788999999999936 0.018228999999999995
0 0.5708005 0.31315099999999996 0.018554999999999988 0.02734399999999998
0 0.780762 0.6171875 0.28418 0.682291
0 0.7802735000000001 0.86263 0.07226499999999991 0.09505199999999991
0 0.9614255 0.8196615 0.018554999999999988 0.029947000000000057
0 0.981445 0.463542 0.035155999999999965 0.065104
