0 0.5196875 0.0808335 0.09687499999999999 0.13333299999999998
0 0.02125 0.4591665 0.0425 0.156667
0 0.37062500000000004 0.6479165 0.70375 0.48583299999999996
0 0.1228125 0.30916699999999997 0.05562500000000001 0.03999999999999998
0 0.22375 0.2116665 0.024999999999999994 0.031667
0 0.2465625 0.37958349999999996 0.023125000000000007 0.01916699999999999
0 0.2671875 0.2020835 0.02562500000000001 0.025832999999999995
0 0.2871875 0.2341665 0.026874999999999982 0.031667
0 0.33218749999999997 0.45875 0.060624999999999984 0.029166000000000025
0 0.3446875 0.47791700000000004 0.05687500000000001 0.04250000000000004
0 0.36124999999999996 0.0275 0.023749999999999993 0.019999999999999997
0 0.454375 0.25625 0.03875000000000001 0.017500000000000016
0 0.65375 0.413333 0.30625 0.19000000000000006
0 0.551875 0.2970835 0.013749999999999929 0.025832999999999995
0 0.62375 0.30333350000000003 0.07750000000000001 0.048333000000000015
0 0.6168750000000001 0.35791649999999997 0.04375000000000007 0.034167
0 0.673125 0.38125 0.050000000000000044 0.02916599999999997
0 0.6996875 0.055 0.030625000000000013 0.020000000000000004
0 0.823125 0.8375 0.27 0.11666599999999994
0 0.728125 0.27791699999999997 0.06000000000000005 0.04250000000000004
0 0.7909375000000001 0.5508329999999999 0.06312499999999999 0.08999999999999997
0 0.825 0.52625 0.036250000000000004 0.029166000000000025
0 0.9871875 0.6820835000000001 0.024375000000000036 0.02416699999999994
