1 0.22875 0.2485925 0.04874999999999999 0.099437
1 0.24625 0.236867 0.05499999999999999 0.10787999999999998
1 0.25125000000000003 0.16697900000000002 0.05250000000000002 0.086304
1 0.2640625 0.302533 0.04687499999999997 0.08161399999999996
1 0.27 0.17260799999999998 0.05374999999999999 0.10131399999999999
1 0.29093749999999996 0.220919 0.03937499999999999 0.04409000000000002
1 0.29625 0.280957 0.04749999999999999 0.10788
1 0.311875 0.3095685 0.04625000000000001 0.08818100000000001
1 0.5409375000000001 0.117261 0.188125 0.234522
1 0.533125 0.2837715 0.11125000000000002 0.139775
1 0.6784375 0.290807 0.08187500000000003 0.157598
1 0.6725 0.19136999999999998 0.05499999999999994 0.08630400000000002
1 0.6940625 0.089118 0.07687500000000003 0.14821800000000002
1 0.713125 0.33958750000000004 0.06374999999999997 0.144465
1 0.733125 0.163696 0.09375 0.17354599999999998
1 0.774375 0.2992495 0.09999999999999998 0.170731
1 0.7759375 0.094278 0.07937500000000008 0.149156
1 0.77625 0.2012195 0.050000000000000044 0.05534700000000001
