1 0.036875 0.0905255 0.07375 0.181051
1 0.0484375 0.3850845 0.096875 0.194183
1 0.145625 0.0905255 0.14625 0.181051
1 0.13593750000000002 0.469981 0.07062500000000001 0.10506600000000005
1 0.13968750000000002 0.3747655 0.06312500000000001 0.10037500000000005
1 0.236875 0.49296449999999997 0.10124999999999998 0.18292699999999995
1 0.370625 0.394934 0.04999999999999999 0.09005600000000002
1 0.3821875 0.4634145 0.03437499999999999 0.05816100000000002
1 0.3975 0.425891 0.04749999999999999 0.08630399999999999
1 0.41781250000000003 0.46388399999999996 0.02437499999999998 0.04221400000000003
1 0.44125000000000003 0.333959 0.06 0.08630399999999999
1 0.4534375 0.4183865 0.07437499999999997 0.136961
1 0.5028125 0.3363035 0.07062499999999994 0.11913699999999999
1 0.5103125000000001 0.4953095 0.05812500000000004 0.07504699999999997
1 0.49374999999999997 0.411351 0.016249999999999987 0.038461999999999996
1 0.5275 0.390713 0.06374999999999997 0.10788000000000003
1 0.544375 0.43621 0.04874999999999996 0.08067600000000003
1 0.563125 0.508912 0.05499999999999994 0.113508
1 0.608125 0.270169 0.09999999999999998 0.17448399999999997
1 0.6346875 0.393996 0.08812500000000001 0.15759800000000002
1 0.6871875 0.3400565 0.06812499999999999 0.11538500000000002
1 0.6821875 0.388368 0.03187499999999999 0.13508399999999998
1 0.723125 0.3391185 0.040000000000000036 0.117261
1 0.7571875 0.304878 0.07687500000000003 0.13696000000000003
1 0.7825 0.35788 0.06374999999999997 0.10975600000000002
1 0.7628125 0.45591 0.02187500000000009 0.06379000000000001
1 0.7921875 0.45591000000000004 0.05812499999999998 0.08255200000000001
1 0.835 0.463415 0.04375000000000007 0.08630399999999999
1 0.85625 0.424484 0.032500000000000084 0.03095600000000004
1 0.875 0.479831 0.05624999999999991 0.08911800000000003
1 0.900625 0.464353 0.04875000000000007 0.08817999999999998
1 0.929375 0.479831 0.05249999999999999 0.08911800000000003
1 0.9750000000000001 0.322233 0.04874999999999996 0.14915600000000004
1 0.9934375 0.445122 0.011874999999999969 0.04221400000000003
