1 0.0165625 0.509887 0.025625 0.032955999999999985
1 0.0125 0.397834 0.012499999999999999 0.025424000000000002
1 0.0165625 0.4533895 0.020624999999999998 0.02730699999999997
1 0.0178125 0.3498115 0.015624999999999998 0.031073000000000017
1 0.0196875 0.5560265 0.019374999999999996 0.042372999999999994
1 0.022187500000000002 0.31967999999999996 0.024375 0.029189999999999994
1 0.0253125 0.483051 0.028125 0.03578199999999998
1 0.025937500000000002 0.42702450000000003 0.026875 0.038607
1 0.0271875 0.5367230000000001 0.026875000000000003 0.015065999999999913
1 0.0278125 0.37806 0.023125 0.03483999999999998
1 0.029062499999999998 0.40677949999999996 0.015624999999999997 0.02259899999999998
1 0.03625 0.45527300000000004 0.02125 0.03107399999999999
1 0.036875 0.351695 0.02 0.03107399999999999
1 0.0396875 0.5155365000000001 0.025625 0.032957000000000014
1 0.0396875 0.556968 0.020625000000000004 0.03672399999999998
1 0.0421875 0.315913 0.020624999999999998 0.02919000000000005
1 0.0459375 0.4016005 0.013124999999999998 0.03295699999999996
1 0.050312499999999996 0.432674 0.021875 0.031074000000000046
1 0.0528125 0.4839925 0.024375 0.03013100000000002
1 0.0553125 0.376177 0.021875000000000006 0.03107399999999999
1 0.0590625 0.531544 0.024374999999999994 0.02919000000000005
1 0.0621875 0.459981 0.024374999999999994 0.029189999999999994
1 0.0628125 0.348399 0.025624999999999995 0.024482000000000004
1 0.061875 0.405838 0.021249999999999998 0.024482000000000004
1 0.0625 0.504237 0.019999999999999997 0.025424000000000002
1 0.0646875 0.564501 0.024375 0.02919000000000005
1 0.06 0.3177965 0.010000000000000002 0.01789099999999999
1 0.06625 0.4364405 0.007500000000000007 0.02730699999999997
1 0.7324999999999999 0.5828625000000001 0.04375000000000007 0.022598999999999925
1 0.7365625 0.5065915 0.03562500000000002 0.05273100000000003
1 0.745 0.351695 0.04499999999999993 0.05743799999999999
1 0.7428125 0.5527305 0.03562500000000002 0.05649700000000002
1 0.7446875 0.426083 0.0368750000000001 0.049906000000000006
1 0.7378125 0.38936 0.020625000000000004 0.025424000000000002
1 0.731875 0.4670435 0.003750000000000031 0.026364999999999972
1 0.7562500000000001 0.3083805 0.03500000000000003 0.051788999999999974
1 0.7553125 0.47551750000000004 0.02937500000000004 0.05649700000000002
1 0.7634375 0.391243 0.03312500000000007 0.055555999999999994
1 0.7709375 0.5178905 0.03562499999999991 0.05649700000000002
1 0.779375 0.230226 0.05249999999999999 0.10640400000000003
1 0.7690625 0.5856874999999999 0.02937499999999993 0.05273099999999997
1 0.77625 0.437853 0.03374999999999995 0.05837999999999999
1 0.7671874999999999 0.635122 0.010624999999999996 0.03483999999999998
1 0.7734375 0.6388885 0.020624999999999893 0.05743900000000002
1 0.780625 0.34887 0.03499999999999992 0.04802200000000001
1 0.7809375000000001 0.2951975 0.02937500000000004 0.04802300000000004
1 0.7928124999999999 0.5588515000000001 0.04062500000000002 0.03672299999999995
1 0.7975000000000001 0.4764595 0.04749999999999999 0.050846999999999976
1 0.806875 0.393126 0.043749999999999956 0.048021999999999954
1 0.8043750000000001 0.6040490000000001 0.015000000000000013 0.049905999999999895
1 0.8075 0.4340865 0.016250000000000098 0.04331499999999999
1 0.8075 0.5164785000000001 0.016250000000000098 0.032957000000000014
1 0.8140625 0.351695 0.026874999999999982 0.049906000000000006
1 0.8171875 0.3046135 0.028125000000000067 0.05178900000000003
