1 0.0325 0.9277675000000001 0.065 0.14258899999999997
1 0.0446875 0.6280485 0.089375 0.10225100000000009
1 0.05125 0.7772045000000001 0.1025 0.32739299999999993
1 0.06812499999999999 0.9901500000000001 0.05 0.01782399999999995
1 0.135 0.902439 0.13749999999999998 0.19324600000000003
1 0.1303125 0.652908 0.086875 0.08255200000000007
1 0.1809375 0.750938 0.17062499999999997 0.2673540000000001
1 0.20875 0.942777 0.11499999999999999 0.11257000000000006
1 0.2590625 0.8522515 0.11937499999999998 0.192307
1 0.575 0.8841465 0.20000000000000007 0.229831
