1 0.234375 0.495 0.06499999999999997 0.10000000000000003
1 0.35 0.5183335 0.10500000000000004 0.10833300000000001
1 0.43 0.494167 0.07125000000000004 0.10500000000000004
1 0.4596875 0.4725 0.05312500000000003 0.08999999999999997
1 0.6965625 0.6270830000000001 0.059374999999999956 0.08750000000000002
1 0.7915625 0.5479165 0.026875000000000093 0.035833000000000004
1 0.8453124999999999 0.51875 0.020625000000000004 0.03916599999999992
1 0.9078124999999999 0.6975 0.02937500000000004 0.043333999999999984
1 0.9240625 0.404167 0.03312500000000007 0.04500000000000004
1 0.9293750000000001 0.7279165 0.03874999999999995 0.06583300000000003
