1 0.395 0.067466 0.04199999999999998 0.059969999999999996
1 0.41100000000000003 0.0989505 0.04199999999999998 0.041979
1 0.40349999999999997 0.272864 0.01699999999999996 0.03598199999999996
1 0.4205 0.317841 0.034999999999999976 0.06296800000000002
1 0.429 0.9137934999999999 0.03200000000000003 0.04647699999999999
1 0.4335 0.062219 0.03700000000000003 0.06147
1 0.4355 0.2608695 0.039000000000000035 0.068965
1 0.44899999999999995 0.8665665 0.066 0.09295300000000006
1 0.4465 0.802099 0.05299999999999999 0.08095999999999992
1 0.45499999999999996 0.949775 0.068 0.09745199999999998
1 0.4625 0.1754125 0.08300000000000002 0.15892100000000003
1 0.451 0.2856075 0.03400000000000003 0.04947499999999999
1 0.457 0.08695649999999999 0.014000000000000012 0.020988999999999994
1 0.502 0.892054 0.068 0.10494800000000004
1 0.496 0.0772115 0.04800000000000004 0.09145500000000001
1 0.503 0.8185905 0.06000000000000005 0.080959
1 0.5395 0.1191905 0.09699999999999998 0.193403
1 0.5175000000000001 0.9347825000000001 0.04700000000000004 0.05847100000000005
1 0.5385 0.7931035 0.04700000000000004 0.056970999999999994
1 0.548 0.8568215 0.039999999999999925 0.08845499999999995
1 0.558 0.9422790000000001 0.029999999999999916 0.04347800000000002
1 0.5760000000000001 0.898051 0.05999999999999994 0.08395799999999998
1 0.5765 0.835832 0.04899999999999993 0.06446799999999997
1 0.624 0.833583 0.06800000000000006 0.09295399999999998
1 0.6639999999999999 0.889805 0.06999999999999995 0.10045000000000004
1 0.6715 0.7946025000000001 0.07099999999999995 0.10494700000000001
1 0.655 0.944528 0.026000000000000023 0.014992000000000005
1 0.716 0.9467764999999999 0.09599999999999997 0.10344900000000001
1 0.7210000000000001 0.862069 0.07199999999999995 0.11094400000000004
1 0.7235 0.787856 0.05900000000000005 0.06746600000000003
