1 0.041875 0.317371 0.08375 0.16525800000000002
1 0.041875 0.4798125 0.08375 0.14084500000000005
1 0.05625 0.141784 0.1125 0.17277
1 0.07625 0.6239435 0.0875 0.12488300000000008
1 0.10125 0.03662 0.09125 0.06948399999999999
1 0.125 0.373709 0.11249999999999999 0.155868
1 0.11906250000000002 0.516432 0.07312500000000001 0.10516400000000004
1 0.1315625 0.7502344999999999 0.089375 0.131455
1 0.1403125 0.23849749999999997 0.08187499999999999 0.146479
1 0.1575 0.6403755 0.10125 0.14272299999999993
1 0.1921875 0.1 0.114375 0.2
1 0.1890625 0.86385 0.06437500000000002 0.11079799999999995
1 0.21750000000000003 0.5530515 0.10500000000000001 0.152113
1 0.19687500000000002 0.7455395 0.06125 0.08262900000000006
1 0.2359375 0.32769950000000003 0.12187500000000001 0.18215900000000002
1 0.250625 0.8446005 0.09000000000000002 0.11173699999999998
1 0.2646875 0.7431925 0.08937500000000001 0.12112699999999998
1 0.2659375 0.94554 0.076875 0.09765199999999996
1 0.305 0.5103285 0.11624999999999996 0.15492899999999998
1 0.320625 0.6685445 0.09875 0.14460099999999998
1 0.31062500000000004 0.9276995 0.048750000000000016 0.06948299999999996
1 0.3459375 0.134742 0.11937500000000001 0.201878
1 0.36 0.338028 0.09875 0.16150200000000003
1 0.358125 0.8906105 0.09249999999999997 0.11924900000000005
1 0.3715625 0.9699530000000001 0.09062500000000001 0.058215999999999934
1 0.379375 0.7985915 0.09875 0.11924899999999994
1 0.44218749999999996 0.5070425000000001 0.116875 0.15774699999999997
1 0.4515625 0.6751175 0.08437500000000003 0.10328700000000002
1 0.4734375 0.239906 0.125625 0.20375599999999996
1 0.4615625 0.8920185 0.08312500000000006 0.09014099999999992
1 0.4715625 0.967136 0.09062499999999996 0.06384999999999996
1 0.5165625 0.075587 0.13437499999999997 0.151174
1 0.5515625 0.9521125 0.07937500000000008 0.08075100000000002
1 0.5684374999999999 0.389202 0.11312500000000003 0.16056400000000004
1 0.575 0.8596245 0.10499999999999998 0.12300500000000003
1 0.614375 0.223474 0.10499999999999998 0.16338
1 0.65375 0.9600934999999999 0.05500000000000005 0.061033000000000004
1 0.685 0.46103249999999996 0.09999999999999998 0.14647899999999997
1 0.7046874999999999 0.084507 0.12687499999999996 0.169014
1 0.6765625 0.864789 0.055624999999999925 0.06760599999999994
1 0.73625 0.29108 0.11499999999999999 0.18216
1 0.765 0.5624415 0.09375 0.13708900000000007
1 0.7565625 0.7774645 0.06187500000000001 0.08075100000000002
1 0.8240624999999999 0.0497655 0.12437500000000001 0.099531
1 0.82625 0.3985915 0.10375000000000001 0.175587
1 0.8553124999999999 0.22159600000000002 0.11562499999999998 0.178404
1 0.8846875000000001 0.5577465 0.08437499999999998 0.12394299999999997
1 0.916875 0.0901405 0.09499999999999997 0.14272300000000002
1 0.9415625 0.4131455 0.078125 0.127699
1 0.9606250000000001 0.210329 0.07750000000000001 0.174648
1 0.965 0.5122065 0.0625 0.10610300000000006
1 0.985625 0.35446 0.02749999999999997 0.10610399999999998
