1 0.6268750000000001 0.6166510000000001 0.13124999999999998 0.2135459999999999
1 0.630625 0.212606 0.13874999999999993 0.23142000000000001
1 0.6303125 0.826905 0.13187500000000008 0.24459000000000009
1 0.6978125 0.3800565 0.13187500000000008 0.227657
1 0.7140625 0.5954845 0.14312500000000006 0.25211700000000004
1 0.7103125 0.812794 0.12312499999999993 0.22765800000000003
1 0.7224999999999999 0.976011 0.11124999999999996 0.046096000000000026
1 0.7209375 0.9482595 0.09062499999999996 0.09407299999999996
1 0.7371875 0.2069615 0.11562500000000009 0.212605
1 0.7415625 0.278457 0.10687500000000005 0.13922800000000002
1 0.7737499999999999 0.16133599999999998 0.14750000000000008 0.253058
1 0.7684375 0.0235185 0.109375 0.047037
1 0.7978125 0.45296349999999996 0.13437500000000002 0.26058299999999995
1 0.8384375 0.9454375 0.13812499999999994 0.10724299999999998
1 0.8496874999999999 0.313735 0.13812499999999994 0.125118
1 0.838125 0.506585 0.10250000000000004 0.25305799999999995
1 0.885625 0.188617 0.13624999999999998 0.264346
1 0.90625 0.636877 0.15874999999999995 0.220132
1 0.885625 0.8720600000000001 0.06624999999999992 0.15428000000000008
1 0.9309375 0.475071 0.12187499999999996 0.17685800000000002
1 0.9334374999999999 0.817027 0.07562499999999994 0.20225799999999994
