1 0.16499999999999998 0.1694445 0.035 0.058889
1 0.1771875 0.1277775 0.04062500000000002 0.07111100000000001
1 0.20156249999999998 0.19722250000000002 0.03562499999999999 0.058889
1 0.2059375 0.1194445 0.026874999999999982 0.045554999999999984
1 0.21250000000000002 0.162778 0.04000000000000001 0.067778
1 0.27 0.182222 0.07250000000000001 0.095556
1 0.30937499999999996 0.23555550000000003 0.048750000000000016 0.07333300000000001
1 0.3259375 0.25944449999999997 0.033125000000000016 0.06111099999999997
1 0.3503125 0.2733335 0.033125000000000016 0.06666700000000003
1 0.6353125 0.0855555 0.17062499999999992 0.171111
1 0.8759375 0.087778 0.07562499999999994 0.117778
1 0.90125 0.043889 0.09749999999999992 0.087778
1 0.9559375 0.1177775 0.08687500000000004 0.173333
1 0.9725 0.017778 0.05125000000000002 0.035556
