1 0.0153125 0.8780485 0.030625 0.09380900000000003
1 0.025625 0.683865 0.05125 0.15197000000000005
1 0.025625 0.9601315 0.05125 0.07786099999999996
1 0.02875 0.370544 0.0575 0.15572199999999997
1 0.033125 0.4521575 0.06625 0.07317099999999999
1 0.03625 0.575985 0.0725 0.08442800000000006
1 0.0371875 0.807223 0.074375 0.13227
1 0.0403125 0.1693245 0.080625 0.338649
1 0.0484375 0.9094745 0.056874999999999995 0.11350899999999997
1 0.051875000000000004 0.6552530000000001 0.060000000000000005 0.12851800000000002
1 0.056874999999999995 0.40619150000000004 0.04 0.080675
1 0.09156249999999999 0.8761725 0.034375 0.09380900000000003
1 0.0965625 0.405722 0.041874999999999996 0.10788000000000003
1 0.09031249999999999 0.96576 0.026874999999999996 0.066604
1 0.106875 0.856004 0.05249999999999999 0.104128
1 0.1453125 0.750469 0.129375 0.131332
1 0.09843750000000001 0.6439965000000001 0.033125 0.10225099999999998
1 0.1021875 0.946529 0.03312499999999999 0.060037999999999925
1 0.198125 0.1819885 0.20999999999999996 0.363977
1 0.116875 0.6294555 0.039999999999999994 0.07692299999999996
1 0.1175 0.4108815 0.041249999999999995 0.10131299999999999
1 0.12406249999999999 0.9371484999999999 0.030625 0.05628500000000003
1 0.1375 0.834897 0.05 0.08067599999999997
1 0.139375 0.609287 0.04125000000000001 0.05534799999999995
1 0.165625 0.6796435000000001 0.08875 0.12288899999999991
1 0.161875 0.957317 0.07250000000000001 0.08348999999999995
1 0.236875 0.17636 0.22 0.320826
1 0.1434375 0.44136949999999997 0.02812500000000001 0.04033700000000001
1 0.1671875 0.36679150000000005 0.073125 0.146341
1 0.1575 0.81379 0.04625000000000001 0.08536600000000005
1 0.164375 0.6036585000000001 0.03 0.03658499999999998
1 0.1809375 0.795497 0.03687499999999999 0.06754199999999999
1 0.1990625 0.946998 0.073125 0.104128
1 0.1809375 0.5980300000000001 0.03437499999999999 0.044090000000000074
1 0.18937500000000002 0.7851785 0.04124999999999998 0.05816099999999991
1 0.205625 0.3846155 0.057499999999999996 0.14071299999999998
1 0.2028125 0.663227 0.046875 0.10131400000000002
1 0.19718750000000002 0.5924015 0.02312499999999998 0.03658499999999998
1 0.21875 0.9090055 0.058750000000000024 0.09005700000000005
1 0.2103125 0.7734525 0.02687500000000001 0.057223000000000024
1 0.22531249999999997 0.652439 0.05687499999999998 0.11538399999999993
1 0.23531249999999998 0.891651 0.071875 0.10600399999999999
1 0.2121875 0.5905255 0.023125000000000007 0.032833
1 0.2240625 0.7687615 0.030625000000000013 0.05909900000000001
1 0.24906250000000002 0.5844275 0.07312500000000002 0.05253299999999994
1 0.235 0.3986865 0.04000000000000001 0.09756100000000001
1 0.246875 0.4066605 0.04625000000000001 0.117261
1 0.238125 0.7650095 0.02250000000000002 0.05909900000000001
1 0.2503125 0.641182 0.03437500000000002 0.09287000000000001
1 0.259375 0.6364915 0.04999999999999999 0.10600300000000007
1 0.24593749999999998 0.752345 0.020624999999999977 0.046903999999999946
1 0.2559375 0.851313 0.040624999999999994 0.08349000000000006
1 0.30843750000000003 0.1346155 0.143125 0.269231
1 0.26875 0.84334 0.056249999999999994 0.08630399999999994
1 0.2546875 0.7514069999999999 0.02562500000000001 0.048779999999999935
1 0.25968749999999996 0.7443715 0.018125000000000002 0.053470999999999935
1 0.3075 0.909944 0.10250000000000004 0.17823600000000006
1 0.3175 0.45591 0.12 0.09568399999999999
1 0.27156250000000004 0.4118195 0.023125000000000007 0.07504699999999997
1 0.2715625 0.7368665 0.020625000000000004 0.053471000000000046
1 0.2790625 0.4151035 0.03562500000000002 0.09662300000000001
1 0.291875 0.805816 0.05125000000000002 0.06941799999999998
1 0.2796875 0.6153845 0.021875000000000033 0.06754299999999991
1 0.29000000000000004 0.8166045 0.04250000000000004 0.055346999999999924
1 0.29000000000000004 0.6055345 0.03750000000000003 0.05909900000000001
1 0.32343750000000004 0.7696995 0.075625 0.09662300000000001
1 0.3040625 0.6008439999999999 0.016874999999999973 0.042214000000000085
1 0.31156249999999996 0.6008445 0.021875000000000033 0.053471000000000046
1 0.3209375 0.5961540000000001 0.019374999999999976 0.04784200000000005
1 0.3259375 0.589587 0.01937500000000003 0.04596599999999995
1 0.38875 0.3972795 0.14 0.220451
1 0.36875 0.9709194999999999 0.09249999999999997 0.05628500000000003
1 0.349375 0.5905255 0.04625000000000001 0.04784299999999997
1 0.368125 0.6829265 0.08374999999999999 0.099437
1 0.39249999999999996 0.1885555 0.12374999999999997 0.377111
1 0.37906249999999997 0.933396 0.07187499999999997 0.08255199999999996
1 0.4 0.637899 0.10375000000000001 0.15196999999999994
1 0.3890625 0.9113505 0.07937500000000003 0.09662300000000001
1 0.40031249999999996 0.8545965 0.070625 0.08255100000000004
1 0.403125 0.87242 0.05125000000000002 0.06379000000000001
1 0.42937499999999995 0.1374295 0.05499999999999999 0.274859
1 0.420625 0.815666 0.02999999999999997 0.04971799999999993
1 0.42125 0.825985 0.03125 0.05159400000000003
1 0.42593749999999997 0.780957 0.03687500000000005 0.04971799999999993
1 0.42593749999999997 0.79409 0.021875000000000033 0.04971800000000004
1 0.4353125 0.893527 0.04062500000000002 0.21106999999999998
1 0.43281250000000004 0.7701685 0.033125000000000016 0.05253300000000005
1 0.4321875 0.7692305 0.026874999999999982 0.030019000000000018
1 0.4365625 0.7556285 0.020625000000000004 0.030957000000000012
1 0.4421875 0.7335834999999999 0.026874999999999982 0.05628500000000003
1 0.51625 0.8860224999999999 0.043749999999999956 0.22607900000000003
1 0.5621875000000001 0.6561915 0.135625 0.19981300000000002
1 0.5090625 0.0712945 0.026874999999999982 0.142589
1 0.5609375 0.1782365 0.128125 0.356473
1 0.519375 0.120544 0.04250000000000004 0.241088
1 0.5590625 0.848499 0.12187500000000001 0.301126
1 0.5621875000000001 0.3794555 0.125625 0.18480300000000005
1 0.645 0.118668 0.15500000000000003 0.237336
1 0.603125 0.816604 0.04125000000000001 0.09287000000000001
1 0.7075 0.393058 0.24750000000000005 0.21388400000000002
1 0.6475 0.9230769999999999 0.10875000000000001 0.15197000000000005
1 0.7196875 0.860225 0.23062499999999997 0.277674
1 0.8071875 0.19605999999999998 0.33062500000000006 0.31895
1 0.821875 0.412289 0.355 0.19793599999999995
1 0.8225 0.839118 0.35375 0.31988799999999995
1 0.8243750000000001 0.641651 0.35 0.20262599999999997
1 0.8834375 0.5928705 0.23187500000000005 0.09568500000000002
1 0.8768750000000001 0.45919299999999996 0.21624999999999994 0.085366
1 0.901875 0.807223 0.19500000000000006 0.19418400000000002
1 0.9009375 0.24108849999999998 0.17562500000000003 0.159475
1 0.9153125 0.762195 0.16812499999999997 0.12289000000000005
1 0.905625 0.301595 0.14625 0.10788
1 0.934375 0.317073 0.09875 0.06941799999999998
