1 0.0196875 0.380863 0.039375 0.14259
1 0.0753125 0.2973735 0.076875 0.11819899999999997
1 0.190625 0.27720449999999996 0.04374999999999998 0.107879
1 0.2078125 0.7528144999999999 0.078125 0.16791699999999998
1 0.36687499999999995 0.251407 0.08124999999999999 0.133208
1 0.5171875 0.35178200000000004 0.06937500000000002 0.150094
1 0.5728125 0.3850845 0.041874999999999996 0.09474700000000003
1 0.6240625 0.4530955 0.06812499999999999 0.10318899999999998
1 0.6190625000000001 0.314728 0.03437499999999993 0.09099400000000002
1 0.669375 0.270638 0.05500000000000005 0.11350800000000003
1 0.6896875 0.79409 0.06562500000000004 0.12664200000000003
1 0.69375 0.395403 0.04125000000000001 0.06472800000000001
1 0.77625 0.6566605 0.043749999999999956 0.09005700000000005
