1 0.253125 0.4241665 0.11750000000000002 0.168333
1 0.65125 0.420417 0.13250000000000006 0.1725
1 0.6996875 0.25333300000000003 0.13437500000000002 0.2
1 0.6821875 0.5108335 0.09437499999999999 0.091667
1 0.7596875000000001 0.401667 0.12812499999999993 0.16500000000000004
1 0.8006249999999999 0.6329165 0.11875000000000002 0.16416699999999995
1 0.7715624999999999 0.3 0.055624999999999925 0.05166599999999999
1 0.8328125 0.5125 0.13187500000000008 0.16000000000000003
1 0.8534375000000001 0.39375 0.10062500000000008 0.119166
1 0.9081250000000001 0.565 0.12249999999999994 0.17166599999999999
