1 0.089186 0.01125 0.178372 0.0225
1 0.0953175 0.07218749999999999 0.190635 0.140625
1 0.067447 0.1634375 0.11259799999999999 0.08687500000000001
1 0.2001115 0.145625 0.26867300000000005 0.15
1 0.196767 0.30562500000000004 0.21961999999999998 0.12125000000000002
1 0.14548450000000002 0.2446875 0.103679 0.06187500000000001
1 0.222965 0.22749999999999998 0.18060199999999998 0.04749999999999999
1 0.2837235 0.050625 0.253065 0.10125
1 0.4197325 0.1978125 0.23745899999999998 0.131875
1 0.362876 0.11750000000000001 0.11259800000000003 0.06625
1 0.506689 0.0446875 0.29542999999999997 0.089375
1 0.45150500000000005 0.26 0.18060199999999998 0.07499999999999998
1 0.501672 0.1053125 0.25641 0.07687499999999999
1 0.5992200000000001 0.1846875 0.212932 0.123125
1 0.617057 0.24062499999999998 0.17056799999999994 0.056249999999999994
1 0.6493869999999999 0.10375000000000001 0.09476000000000007 0.052500000000000005
1 0.7396875 0.0490625 0.244147 0.096875
1 0.7564105 0.15 0.204013 0.11125
1 0.811037 0.0584375 0.239688 0.116875
