1 0.704815 0.2109375 0.14375400000000005 0.20104100000000003
1 0.7233075 0.115625 0.15003499999999992 0.23125
1 0.7997209999999999 0.08125 0.18981199999999998 0.1625
1 0.818562 0.210417 0.068388 0.11874999999999997
1 0.8855550000000001 0.29791650000000003 0.193998 0.316667
1 0.8538030000000001 0.5182289999999999 0.07745999999999997 0.15520799999999996
1 0.9207955 0.609375 0.15701300000000007 0.28750000000000003
1 0.9340539999999999 0.7895829999999999 0.09420799999999996 0.08124999999999993
1 0.9727844999999999 0.7828125 0.053035000000000054 0.08645900000000006
1 0.9766225 0.296875 0.04535900000000004 0.23750000000000002
1 0.9797625000000001 0.4463545 0.039078999999999975 0.06562499999999999
