1 0.017222 0.4584375 0.034444 0.02562500000000001
1 0.0233335 0.4365625 0.046667 0.02562500000000001
1 0.0877775 0.42593749999999997 0.033333 0.021875000000000033
1 0.1055555 0.4509375 0.05777700000000001 0.030625000000000013
1 0.1144445 0.421875 0.05111100000000002 0.02375000000000005
1 0.34777749999999996 0.544375 0.048889000000000016 0.03125
1 0.3544445 0.5128125 0.04888899999999996 0.03187500000000004
1 0.4011115 0.5375000000000001 0.05111100000000002 0.02749999999999997
1 0.5094445 0.45218749999999996 0.04555499999999996 0.026875000000000038
1 0.5105555 0.4290625 0.03666700000000006 0.029374999999999984
1 0.5416665 0.43937499999999996 0.054444999999999966 0.02250000000000002
1 0.6794445 0.428125 0.04555500000000001 0.023749999999999993
1 0.6844444999999999 0.45375 0.04222300000000001 0.027500000000000024
1 0.7144444999999999 0.4428125 0.04222300000000001 0.021874999999999978
