0
10
100
102
103
104
105
106
107
109
11
110
111
112
113
114
115
30
31
32
33
34
35
36
37
38
39
4
40
43
44
45
46
48
49
52
53
54
55
56
58
59
6
61
62
63
64
65
66
67
68
69
7
71
72
73
74
75
76
77
79
8
80
81
82
83
84
85
86
87
88
89
90
91
92
93
94
95
96
97
116
135
156
177
216
3
50
70
9
117
118
119
12
120
121
123
124
125
126
127
128
129
13
130
131
132
133
134
136
140
141
142
143
144
145
146
148
149
150
151
152
153
154
155
158
159
16
160
161
162
163
164
165
166
167
168
169
17
170
171
172
175
176
178
18
18
180
181
182
183
184
185
186
187
188
189
19
190
192
193
195
196
197
199
2
20
200
201
202
203
204
205
206
208
209
210
211
212
213
214
215
219
22
220
221
222
223
224
225
226
227
228
229
230
231
232
233
234
235
236
237
24
25
26
27
28
29
