0 0.0225 0.47250000000000003 0.0175 0.018334000000000017
0 0.03 0.2541665 0.017499999999999998 0.02166700000000002
0 0.061875 0.3075 0.028749999999999998 0.021665999999999963
0 0.12687500000000002 0.5558335 0.01125000000000001 0.018332999999999933
0 0.153125 0.4575 0.016250000000000014 0.02166600000000002
0 0.22312500000000002 0.32166700000000004 0.016250000000000014 0.019999999999999962
0 0.281875 0.3666665 0.02124999999999999 0.023332999999999993
0 0.31437499999999996 0.4033335 0.01874999999999999 0.023332999999999993
0 0.35187500000000005 0.2283335 0.023749999999999993 0.026666999999999996
0 0.35375 0.265 0.017500000000000016 0.02333400000000002
0 0.3725 0.43833350000000004 0.025000000000000022 0.033333
0 0.3725 0.4808335 0.020000000000000018 0.021667000000000047
0 0.578125 0.36916649999999995 0.013749999999999929 0.018332999999999988
0 0.59625 0.403333 0.022500000000000075 0.020000000000000018
0 0.6475 0.625 0.030000000000000027 0.040000000000000036
0 0.7575000000000001 0.265833 0.022500000000000075 0.025000000000000022
0 0.760625 0.6066665 0.028750000000000053 0.036667000000000005
