1 0.12193999999999999 0.18312499999999998 0.044256000000000004 0.037500000000000006
1 0.1257065 0.1475 0.046138999999999986 0.04125000000000001
1 0.175612 0.501875 0.038606 0.06374999999999997
1 0.556968 0.4225 0.12146799999999996 0.08250000000000002
1 0.5183614999999999 0.23625000000000002 0.032957000000000014 0.01999999999999999
1 0.5607344999999999 0.7946875 0.10263699999999998 0.05812499999999998
1 0.548964 0.22499999999999998 0.043314000000000075 0.04250000000000001
1 0.5494349999999999 0.2609375 0.023540000000000005 0.029375000000000012
1 0.65113 0.749375 0.108286 0.08374999999999999
1 0.878531 0.4215625 0.17702399999999996 0.114375
1 0.962806 0.4446875 0.07250400000000001 0.10562500000000002
1 0.9453860000000001 0.760625 0.02824799999999994 0.05125000000000002
1 0.9731635000000001 0.7290625 0.051788999999999974 0.07687499999999992
