0 0.0475 0.1439965 0.095 0.03470899999999999
0 0.1375 0.5642590000000001 0.014999999999999986 0.01782399999999995
0 0.23249999999999998 0.498124 0.15125 0.10318999999999995
0 0.326875 0.069887 0.3 0.109756
0 0.26375 0.604597 0.03749999999999998 0.044090000000000074
0 0.4046875 0.141182 0.026875000000000038 0.021575999999999984
0 0.5115624999999999 0.27955 0.09437499999999999 0.06379000000000004
0 0.5349999999999999 0.435272 0.09875 0.07879999999999998
0 0.6403125000000001 0.575047 0.14187500000000008 0.180112
0 0.801875 0.19606 0.20124999999999993 0.084428
0 0.8371875 0.295966 0.02312499999999995 0.02345200000000003
0 0.9015625 0.6693245 0.014374999999999916 0.008442999999999978
0 0.909375 0.672139 0.02375000000000005 0.01782399999999995
0 0.9253125 0.6135085 0.030625000000000013 0.046904999999999974
0 0.9390625 0.66651 0.024375000000000036 0.040337999999999985
0 0.9415625 0.6383675 0.024375000000000036 0.030957000000000012
