1 0.15875 0.35975650000000003 0.03875000000000001 0.05347099999999999
1 0.16125 0.463415 0.03875000000000001 0.065666
1 0.16375 0.301126 0.03875000000000001 0.06754199999999999
1 0.1690625 0.218574 0.033125000000000016 0.06754199999999999
1 0.1759375 0.38743 0.03687499999999999 0.06379000000000001
1 0.1759375 0.1772985 0.03437499999999999 0.06941900000000001
1 0.18875 0.3203565 0.034999999999999976 0.05909900000000001
1 0.19124999999999998 0.250938 0.035 0.066604
1 0.194375 0.423077 0.03875000000000001 0.065666
1 0.1946875 0.4953095 0.03312499999999999 0.071295
1 0.7196875 0.314259 0.03312499999999996 0.06379000000000001
1 0.725625 0.213415 0.03500000000000003 0.04596600000000001
1 0.7262500000000001 0.477017 0.036250000000000004 0.060975999999999975
1 0.7275 0.2471855 0.03375000000000006 0.05534700000000001
1 0.72875 0.414634 0.036250000000000004 0.060038000000000036
1 0.7328125000000001 0.3827395 0.03312499999999996 0.054408999999999985
1 0.7421875 0.1772985 0.03687499999999999 0.07317099999999999
1 0.74875 0.2884615 0.040000000000000036 0.06848100000000001
1 0.7518750000000001 0.3536585 0.036250000000000004 0.06941900000000001
1 0.754375 0.44606 0.03374999999999995 0.06472800000000001
