0 0.20875 0.9255415 0.3075 0.04963899999999999
0 0.1015625 0.606047 0.03937499999999999 0.038807999999999954
0 0.115 0.44539700000000004 0.06375 0.029783999999999977
0 0.1325 0.405686 0.06000000000000001 0.024368
0 0.18406250000000002 0.6601984999999999 0.074375 0.10018099999999996
0 0.18156250000000002 0.7518050000000001 0.02562499999999998 0.030686000000000102
0 0.190625 0.733303 0.03874999999999998 0.027977999999999947
0 0.2034375 0.7861009999999999 0.010624999999999996 0.025270000000000015
0 0.2509375 0.544675 0.08687500000000001 0.03519800000000006
0 0.2190625 0.7879065000000001 0.018125000000000002 0.028881000000000046
0 0.23531249999999998 0.7351084999999999 0.030624999999999986 0.03158899999999998
0 0.2490625 0.7879065000000001 0.014374999999999971 0.025270999999999932
0 0.294375 0.770307 0.06625000000000003 0.060470000000000024
0 0.318125 0.509477 0.016249999999999987 0.017148000000000052
0 0.349375 0.7048734999999999 0.053749999999999964 0.07400700000000004
0 0.375 0.6701265000000001 0.05125000000000002 0.04602899999999999
0 0.38875 0.7414259999999999 0.0625 0.09296000000000004
0 0.39749999999999996 0.499549 0.044999999999999984 0.03700400000000004
0 0.4196875 0.194946 0.024375000000000036 0.03068599999999999
0 0.43718749999999995 0.16922399999999999 0.03437499999999999 0.027977999999999975
0 0.4578125 0.4909745 0.046875 0.01624500000000001
0 0.5046875 0.36507199999999995 0.06187500000000001 0.027978000000000003
0 0.5334375 0.7567685 0.06562500000000004 0.11462099999999997
0 0.6134375 0.7098375 0.19187500000000002 0.11101099999999997
0 0.5803125 0.765794 0.07687500000000003 0.05866400000000005
0 0.5953125 0.5649820000000001 0.07687500000000003 0.04332199999999997
0 0.674375 0.554603 0.1987500000000001 0.05505400000000005
0 0.6371875 0.073105 0.11937500000000001 0.06859199999999999
0 0.65 0.7129965 0.08374999999999999 0.30866499999999997
0 0.6396875 0.36146199999999995 0.021874999999999978 0.020758
0 0.6671875 0.19945849999999998 0.03312499999999996 0.021661000000000014
0 0.6815625 0.344765 0.02562500000000001 0.02707599999999999
0 0.781875 0.6917869999999999 0.14500000000000002 0.09296000000000004
0 0.75125 0.1466605 0.03500000000000003 0.027978999999999976
0 0.7653125000000001 0.6150720000000001 0.02937500000000004 0.027977999999999947
0 0.83125 0.6561375 0.09999999999999998 0.07761699999999994
0 0.8228125 0.5175995 0.03437499999999993 0.022563
0 0.8884375 0.047834 0.083125 0.028880000000000003
0 0.9246875 0.4918775 0.13812500000000005 0.07400700000000004
0 0.8759375 0.27346550000000003 0.020625000000000004 0.018050999999999984
0 0.955625 0.2197655 0.036250000000000004 0.026173000000000002
