1 0.23500000000000001 0.265 0.415 0.53
1 0.38687499999999997 0.0516665 0.17375000000000002 0.103333
1 0.369375 0.4516665 0.13624999999999998 0.21666700000000005
1 0.3925 0.14083299999999999 0.10999999999999999 0.155
1 0.49 0.1108335 0.175 0.218333
1 0.511875 0.406667 0.19375000000000003 0.30000000000000004
1 0.47624999999999995 0.27166650000000003 0.09249999999999997 0.11666700000000002
1 0.650625 0.2391665 0.30875 0.291667
1 0.605625 0.0266665 0.12624999999999997 0.053333
1 0.6643749999999999 0.0816665 0.1987500000000001 0.163333
