0 0.1359375 0.08699699999999999 0.013124999999999998 0.011226
0 0.2896875 0.778765 0.030625000000000013 0.038354
0 0.32625000000000004 0.348924 0.00874999999999998 0.013095999999999997
0 0.4475 0.3040225 0.006249999999999978 0.009354999999999947
0 0.46687500000000004 0.28812000000000004 0.00874999999999998 0.007483999999999991
0 0.5440625 0.091207 0.12187499999999996 0.105706
0 0.500625 0.2801685 0.016250000000000042 0.028998999999999997
0 0.5703125 0.7698780000000001 0.010625000000000107 0.01683800000000002
0 0.6303125 0.400842 0.018125000000000058 0.019643999999999995
0 0.6487499999999999 0.2095415 0.011250000000000093 0.009355000000000002
0 0.6634375 0.152479 0.023125000000000062 0.02432200000000001
0 0.80375 0.056595000000000006 0.03874999999999995 0.042096
0 0.8796875 0.18755850000000002 0.016875000000000084 0.02338700000000002
