0 0.0765625 0.4670835 0.061875 0.024166999999999994
0 0.2209375 0.6470834999999999 0.05687500000000001 0.03916700000000006
0 0.2121875 0.7283329999999999 0.018125000000000002 0.015000000000000013
0 0.2953125 0.62875 0.165625 0.07250000000000001
0 0.2953125 0.61625 0.164375 0.03583400000000003
0 0.24875 0.46458350000000004 0.04999999999999999 0.029167
0 0.245 0.53375 0.03 0.022500000000000075
0 0.2640625 0.1770835 0.018125000000000002 0.035833000000000004
0 0.2796875 0.7304165 0.021875000000000033 0.02416700000000005
0 0.3678125 0.5854165 0.135625 0.029166999999999943
0 0.3321875 0.679167 0.020625000000000004 0.020000000000000018
0 0.3784375 0.41708350000000005 0.02562500000000001 0.034167
0 0.4803125 0.1366665 0.21062499999999995 0.093333
0 0.423125 0.510417 0.07875000000000004 0.0625
0 0.4284375 0.5404165000000001 0.05812500000000004 0.03916700000000006
0 0.4503125 0.0416665 0.030625000000000013 0.041666999999999996
0 0.4878125 0.58125 0.04937499999999995 0.032500000000000084
0 0.5078125 0.3404165 0.08312499999999995 0.025832999999999995
0 0.5028125 0.6195835000000001 0.019374999999999976 0.02083299999999999
0 0.5431250000000001 0.7995835 0.03500000000000003 0.03416700000000006
0 0.5800000000000001 0.76875 0.036250000000000004 0.02749999999999997
0 0.5890625 0.37625 0.020625000000000004 0.020833999999999964
0 0.595 0.727917 0.011249999999999982 0.022499999999999964
0 0.6112500000000001 0.1070835 0.03500000000000003 0.04083300000000001
0 0.6187499999999999 0.81 0.04625000000000001 0.02833399999999997
0 0.615 0.7841665 0.012499999999999956 0.016666999999999987
0 0.6312500000000001 0.35625 0.04500000000000004 0.019166000000000016
0 0.659375 0.698333 0.07750000000000001 0.040000000000000036
0 0.6690625 0.5454165 0.09687500000000004 0.035833000000000004
0 0.6975 0.5404165000000001 0.15375000000000005 0.02416699999999994
0 0.635625 0.7470829999999999 0.01750000000000007 0.012500000000000067
0 0.675625 0.279583 0.07250000000000001 0.027500000000000024
0 0.7421875 0.545417 0.059374999999999956 0.022500000000000075
0 0.753125 0.692083 0.03749999999999998 0.03249999999999997
0 0.7834375 0.6670834999999999 0.09062499999999996 0.02416699999999994
0 0.7571875 0.20875 0.018124999999999947 0.02083399999999999
0 0.8003125 0.1529165 0.06437500000000007 0.084167
