1 0.159664 0.50625 0.13258599999999998 0.09375
1 0.276844 0.40875 0.17833799999999997 0.09375
1 0.28944899999999996 0.504375 0.153128 0.09749999999999998
1 0.38935600000000004 0.4703125 0.07656400000000002 0.07312499999999994
1 0.4154995 0.388125 0.06909499999999996 0.07374999999999998
1 0.4234365 0.44125000000000003 0.07936500000000002 0.08375000000000005
1 0.428571 0.52625 0.06349199999999999 0.10250000000000004
1 0.8291315 0.3803125 0.08403300000000002 0.09562499999999996
1 0.907563 0.34343749999999995 0.125116 0.080625
1 0.906629 0.3853125 0.08216599999999996 0.034375000000000044
