1 0.070625 0.541276 0.0675 0.10506600000000005
1 0.108125 0.3944655 0.04625 0.04971900000000001
1 0.1365625 0.33395850000000005 0.06437500000000002 0.07879900000000001
1 0.2175 0.1594745 0.03375 0.05065700000000001
1 0.2428125 0.011726 0.040624999999999994 0.023452
1 0.2903125 0.25 0.03187500000000004 0.04596599999999998
1 0.396875 0.228893 0.013749999999999984 0.030018000000000017
1 0.4621875 0.41182 0.13687500000000002 0.22326400000000002
1 0.41093749999999996 0.22091899999999998 0.02437499999999998 0.042214
1 0.4496875 0.022514 0.03187499999999999 0.045028
1 0.44625000000000004 0.21341500000000002 0.017500000000000016 0.023452
1 0.48968750000000005 0.215291 0.02812500000000001 0.04596600000000001
1 0.6384375 0.301595 0.023125000000000062 0.040337999999999985
1 0.7428125 0.419325 0.046875 0.065666
1 0.7384375 0.3133205 0.03562500000000002 0.05253300000000005
1 0.7703125 0.230769 0.02562500000000001 0.046903999999999973
