1 0.35531250000000003 0.22291650000000002 0.050624999999999976 0.07916700000000002
1 0.36812500000000004 0.7262500000000001 0.03999999999999998 0.09083399999999997
1 0.42625 0.73125 0.044999999999999984 0.07083399999999995
1 0.4784375 0.71 0.02562500000000001 0.04166599999999998
1 0.5115625 0.957917 0.034375000000000044 0.08250000000000002
1 0.5175000000000001 0.7849999999999999 0.028749999999999942 0.046665999999999985
1 0.59875 0.3154165 0.053749999999999964 0.07583299999999998
1 0.635 0.820417 0.07499999999999996 0.0824999999999999
1 0.714375 0.82125 0.04749999999999999 0.07083399999999995
1 0.7421875 0.49124999999999996 0.059374999999999956 0.07916600000000001
1 0.7665625 0.7925 0.06437499999999996 0.061666
1 0.9403125 0.65125 0.04812499999999997 0.06916600000000006
