1 0.0165 0.035313 0.033 0.070626
1 0.044500000000000005 0.0232745 0.049 0.046549
1 0.05500000000000001 0.0770465 0.060000000000000005 0.077047
1 0.098 0.05939 0.055999999999999994 0.077046
1 0.097 0.0160515 0.05 0.032103
1 0.1005 0.135634 0.05500000000000001 0.09149200000000002
1 0.144 0.0417335 0.06599999999999999 0.083467
1 0.139 0.1179775 0.052000000000000005 0.09470300000000001
1 0.1485 0.1886035 0.04899999999999999 0.069021
1 0.1835 0.159711 0.056999999999999995 0.08186199999999999
1 0.183 0.0922955 0.05399999999999999 0.075441
1 0.197 0.2271265 0.048000000000000015 0.09791300000000003
1 0.23149999999999998 0.148475 0.05500000000000002 0.08828200000000001
1 0.244 0.221509 0.06800000000000003 0.09630799999999998
1 0.23149999999999998 0.02809 0.03900000000000001 0.05618
1 0.239 0.2969505 0.032 0.08025700000000002
1 0.256 0.020064 0.05199999999999996 0.040128
1 0.26249999999999996 0.07223099999999999 0.04299999999999998 0.064206
1 0.28400000000000003 0.044944 0.04799999999999999 0.077046
1 0.2915 0.197432 0.04899999999999999 0.089888
1 0.29200000000000004 0.2800965 0.04799999999999999 0.08828300000000003
1 0.29300000000000004 0.1123595 0.035999999999999976 0.08346700000000001
1 0.32299999999999995 0.035313 0.066 0.070626
1 0.307 0.316212 0.028000000000000025 0.051363999999999965
1 0.32 0.089888 0.04400000000000004 0.07062600000000001
1 0.3255 0.16131600000000001 0.03899999999999998 0.06260000000000002
1 0.3385 0.239968 0.046999999999999986 0.097914
1 0.33 0.3057785 0.020000000000000018 0.030496999999999996
1 0.34750000000000003 0.1316215 0.046999999999999986 0.08025700000000001
1 0.363 0.0754415 0.04999999999999999 0.073837
1 0.35950000000000004 0.21589049999999999 0.034999999999999976 0.049759000000000025
1 0.384 0.17335450000000002 0.04799999999999999 0.080257
1 0.383 0.269663 0.038000000000000034 0.07383599999999998
1 0.395 0.1139645 0.045999999999999985 0.08025700000000001
1 0.3875 0.21669349999999998 0.029000000000000026 0.04173299999999999
1 0.41800000000000004 0.2110755 0.05199999999999999 0.06581100000000001
1 0.42800000000000005 0.14687 0.05199999999999999 0.08828199999999999
1 0.4485 0.245586 0.056999999999999995 0.06741599999999998
1 0.4455 0.306581 0.04300000000000004 0.07062599999999997
1 0.435 0.0088285 0.020000000000000018 0.017657
1 0.4675 0.0313 0.05099999999999999 0.0626
1 0.46599999999999997 0.1902085 0.03999999999999998 0.06581100000000001
1 0.47850000000000004 0.0746385 0.04899999999999999 0.069021
1 0.47650000000000003 0.284912 0.01899999999999996 0.05618000000000001
1 0.4985 0.232745 0.051000000000000045 0.08988800000000002
1 0.5025 0.12118799999999999 0.05300000000000005 0.07865199999999999
1 0.5125 0.0232745 0.05700000000000005 0.046549
1 0.523 0.1661315 0.052000000000000046 0.07223100000000002
1 0.5215000000000001 0.052167000000000005 0.04500000000000004 0.078652
1 0.5305 0.26163749999999997 0.039000000000000035 0.08346700000000001
1 0.5425 0.09309799999999999 0.04899999999999993 0.07704599999999999
1 0.5465 0.1942215 0.04699999999999993 0.057785
1 0.541 0.308989 0.02400000000000002 0.030498000000000025
1 0.558 0.1332265 0.04999999999999993 0.07704700000000002
1 0.5525 0.0385235 0.02299999999999991 0.041733
1 0.562 0.212681 0.03599999999999992 0.03370799999999999
1 0.573 0.08427000000000001 0.014000000000000012 0.033708
1 0.592 0.169342 0.04800000000000004 0.078652
1 0.592 0.1235955 0.010000000000000009 0.028893000000000002
1 0.615 0.19903700000000002 0.04400000000000004 0.048154
1 0.617 0.15810600000000002 0.01200000000000001 0.030497999999999997
