1 0.1821875 0.485 0.05562499999999998 0.10000000000000003
1 0.51875 0.5195835 0.71375 0.959167
1 0.198125 0.589583 0.05374999999999999 0.11750000000000005
1 0.2146875 0.475 0.05937500000000001 0.10166599999999998
1 0.22093749999999998 0.58875 0.060624999999999984 0.11250000000000004
1 0.2678125 0.4654165 0.06437499999999999 0.13083299999999998
1 0.2790625 0.5929165000000001 0.06062500000000001 0.11083300000000007
1 0.330625 0.4525 0.05249999999999999 0.11499999999999999
1 0.3459375 0.56 0.060624999999999984 0.10666600000000004
1 0.3834375 0.4383335 0.05562499999999998 0.10333300000000001
1 0.40031249999999996 0.5466664999999999 0.06562499999999999 0.11333300000000002
1 0.426875 0.4308335 0.04625000000000001 0.096667
1 0.4421875 0.525 0.051875000000000004 0.09500000000000003
1 0.47 0.43125 0.044999999999999984 0.08916600000000002
1 0.47281249999999997 0.5 0.02437499999999998 0.048334000000000044
1 0.5193749999999999 0.9745835 0.03749999999999998 0.04916700000000007
1 0.5209375 0.9524999999999999 0.011874999999999969 0.036665999999999976
1 0.5246875 0.9125000000000001 0.01937500000000003 0.046665999999999985
1 0.5615625 0.9370835 0.05687500000000001 0.07416699999999998
1 0.5959375 0.8854165 0.06312499999999999 0.09083300000000005
1 0.5803125 0.9683335 0.026874999999999982 0.06166700000000003
1 0.611875 0.9762500000000001 0.04874999999999996 0.04583400000000004
1 0.6434375 0.9358335 0.07062499999999994 0.10666700000000007
1 0.635625 0.8208329999999999 0.040000000000000036 0.06500000000000006
1 0.6646875 0.8129165 0.05687500000000001 0.09083300000000005
1 0.681875 0.8741665000000001 0.08000000000000007 0.09666699999999995
1 0.6846875 0.9504165 0.055625000000000036 0.0841670000000001
1 0.7106250000000001 0.8091665 0.04749999999999999 0.046667000000000014
1 0.7296875 0.8420835 0.05687500000000001 0.060833000000000026
1 0.7184375000000001 0.8945835 0.03187499999999999 0.04083300000000001
1 0.7475 0.7845835 0.05625000000000002 0.06916699999999998
1 0.7481249999999999 0.8808335 0.03749999999999998 0.04833300000000007
1 0.7759375 0.8508335 0.051875000000000004 0.09166699999999994
1 0.7984375 0.78625 0.04562500000000003 0.08583399999999997
1 0.821875 0.8395835 0.04249999999999998 0.06916699999999998
1 0.825 0.88 0.04375000000000007 0.033333999999999975
1 0.8503125 0.7716665 0.06812499999999999 0.06666700000000003
1 0.8584375 0.8145835 0.06187500000000001 0.07083299999999992
1 0.8612500000000001 0.8766665 0.036250000000000004 0.06666700000000003
1 0.8928125 0.73 0.055625000000000036 0.05333399999999999
1 0.9075 0.7758335000000001 0.07499999999999996 0.07166700000000004
1 0.9 0.875 0.03374999999999995 0.05333399999999999
1 0.9199999999999999 0.8354170000000001 0.04999999999999993 0.07750000000000001
1 0.9450000000000001 0.76125 0.04375000000000007 0.06416599999999995
1 0.9456249999999999 0.8970834999999999 0.039999999999999925 0.07416699999999998
1 0.9606250000000001 0.782917 0.053750000000000075 0.07250000000000001
1 0.9671875000000001 0.8454165 0.051875000000000004 0.08083299999999993
1 0.97875 0.91625 0.04125000000000001 0.08416599999999996
1 0.9915625 0.8404165 0.015625 0.08083299999999993
