0 0.0075 0.8326549999999999 0.015 0.03764000000000001
0 0.0246875 0.6515765 0.031875 0.03357100000000002
0 0.03 0.39827049999999997 0.035 0.023396999999999946
0 0.0434375 0.811801 0.061875 0.07528000000000001
0 0.063125 0.5473045000000001 0.055 0.024414999999999965
0 0.18562499999999998 0.6648015 0.2125 0.31027499999999997
0 0.0990625 0.769074 0.034375 0.026449999999999974
0 0.12843749999999998 0.374873 0.08812499999999998 0.043744000000000005
0 0.1790625 0.610885 0.020624999999999977 0.019328000000000012
0 0.23750000000000002 0.6475075 0.10625000000000001 0.049846999999999975
0 0.2396875 0.4867755 0.02562500000000001 0.021362999999999965
0 0.31 0.7355035 0.09750000000000003 0.07731500000000002
0 0.294375 0.378942 0.04874999999999996 0.043744000000000005
0 0.32 0.6993895 0.053749999999999964 0.049846999999999975
0 0.3815625 0.4623605 0.14562499999999995 0.05595099999999997
0 0.33999999999999997 0.4018315 0.013749999999999984 0.010172999999999988
0 0.6121875 0.3479145 0.558125 0.351983
0 0.3759375 0.5783320000000001 0.041874999999999996 0.05798599999999998
0 0.3859375 0.050356 0.03687499999999999 0.03764
0 0.4171875 0.7482195 0.07687500000000003 0.047812999999999994
0 0.4915625 0.6378435 0.174375 0.06103700000000001
0 0.4484375 0.5178024999999999 0.02562500000000001 0.024414999999999965
0 0.45718749999999997 0.6765005 0.030624999999999958 0.06307300000000005
0 0.48687499999999995 0.782808 0.05124999999999996 0.06612399999999996
0 0.4859375 0.8870804999999999 0.04187499999999994 0.091557
0 0.5028125 0.6505595 0.07062499999999994 0.035605
0 0.521875 0.755341 0.09375 0.121058
0 0.5596875 0.8682605 0.11812500000000004 0.10478100000000001
0 0.5800000000000001 0.49186149999999995 0.10999999999999999 0.06408900000000001
0 0.61625 0.533571 0.04874999999999996 0.02339800000000003
0 0.6403125 0.27823 0.02562500000000001 0.02543200000000001
0 0.6621874999999999 0.16937950000000002 0.03312499999999996 0.03357099999999999
0 0.7190624999999999 0.659715 0.06562499999999993 0.045777999999999985
0 0.77875 0.5971515000000001 0.16125 0.07121100000000002
0 0.7378125 0.053916500000000006 0.04312499999999997 0.038657000000000004
0 0.7915625 0.5325535 0.045624999999999916 0.029501
0 0.9237500000000001 0.24669399999999997 0.15125 0.03763999999999998
0 0.8987499999999999 0.3647 0.04999999999999993 0.03560599999999997
0 0.9096875 0.1205495 0.07187500000000002 0.06408900000000001
0 0.9146875 0.163276 0.015625 0.02543200000000001
