1 0.0296875 0.728893 0.059375 0.330206
1 0.07125 0.26407149999999996 0.1425 0.505629
1 0.125625 0.8658535 0.25125 0.266417
1 0.1071875 0.043621 0.189375 0.087242
1 0.17906249999999999 0.6050655 0.300625 0.448405
1 0.2875 0.2331145 0.305 0.466229
1 0.395 0.8081615 0.35125000000000006 0.38180100000000006
1 0.5396875 0.466698 0.34062499999999996 0.5056280000000001
1 0.425625 0.130863 0.09875 0.261726
1 0.630625 0.1796435 0.3125 0.359287
1 0.7221875 0.794559 0.32437499999999997 0.409006
1 0.783125 0.62758 0.1875 0.24014999999999997
1 0.8478125000000001 0.40009350000000005 0.303125 0.492495
1 0.888125 0.1261725 0.22250000000000003 0.252345
1 0.8790625000000001 0.922608 0.07187500000000002 0.15290800000000004
1 0.9328125 0.762664 0.13312500000000005 0.393996
1 0.9503125 0.954503 0.09812500000000002 0.08911800000000003
