1 0.279375 0.4692165 0.22874999999999998 0.35634299999999997
1 0.313125 0.177239 0.19374999999999998 0.287314
1 0.42999999999999994 0.6744399999999999 0.20749999999999996 0.31903000000000004
1 0.41875 0.3833955 0.125 0.2742530000000001
1 0.47125 0.7975745000000001 0.14249999999999996 0.13992499999999997
1 0.54625 0.32556 0.24499999999999994 0.43096999999999996
1 0.49 0.5401119999999999 0.040000000000000036 0.08022399999999996
1 0.5987499999999999 0.550373 0.1825 0.261194
1 0.610625 0.7341415 0.15125 0.199627
1 0.765625 0.658582 0.1812499999999999 0.264926
1 0.7662500000000001 0.4197765 0.1825 0.279851
