1 0.06125 0.165266 0.010000000000000002 0.016805999999999988
1 0.1559375 0.070028 0.176875 0.140056
1 0.12875 0.1661995 0.008749999999999994 0.01493899999999998
1 0.1453125 0.15872999999999998 0.011874999999999997 0.018673999999999996
1 0.183125 0.183473 0.007500000000000007 0.012137999999999982
1 0.195 0.1633985 0.008750000000000008 0.016807000000000016
1 0.20156249999999998 0.21475300000000003 0.011874999999999997 0.013072
1 0.20750000000000002 0.210084 0.012499999999999983 0.018673999999999996
1 0.2171875 0.146125 0.03187499999999999 0.036414
1 0.2215625 0.16573300000000002 0.020625000000000004 0.019607999999999987
1 0.2303125 0.19141 0.020625000000000004 0.05042000000000002
1 0.23625000000000002 0.10550899999999999 0.01125000000000001 0.014939999999999995
1 0.2540625 0.2222225 0.04187500000000002 0.022408999999999984
1 0.27156250000000004 0.1386555 0.07437500000000002 0.036415
1 0.2471875 0.2469655 0.01312499999999997 0.019607000000000013
1 0.24625 0.1666665 0.00874999999999998 0.015872999999999998
1 0.2503125 0.19327699999999998 0.011874999999999969 0.018673999999999996
1 0.2515625 0.069561 0.011874999999999997 0.023342
1 0.2546875 0.00887 0.01312499999999997 0.01774
1 0.2546875 0.162932 0.01312499999999997 0.019608000000000014
1 0.26125 0.24603200000000003 0.010000000000000009 0.017740000000000006
1 0.26249999999999996 0.3015875 0.012500000000000011 0.02054100000000003
1 0.265 0.180672 0.012500000000000011 0.03267999999999999
1 0.26625 0.015873 0.015000000000000013 0.022408
1 0.27531249999999996 0.245098 0.013124999999999998 0.019608000000000014
1 0.2809375 0.17133500000000002 0.014375000000000027 0.01400599999999999
1 0.294375 0.27404300000000004 0.03874999999999995 0.042016
1 0.28031249999999996 0.166667 0.008124999999999993 0.019607999999999987
1 0.2815625 0.225957 0.010624999999999996 0.014940000000000009
1 0.286875 0.2450985 0.012500000000000011 0.015872999999999998
1 0.291875 0.3996265 0.010000000000000009 0.02054100000000003
1 0.30093749999999997 0.31606 0.013124999999999998 0.019608000000000014
1 0.30218750000000005 0.3958915 0.013124999999999998 0.016807000000000016
1 0.3078125 0.4187675 0.011874999999999969 0.021475000000000022
1 0.309375 0.3370685 0.011249999999999982 0.014939000000000036
1 0.31125 0.2497665 0.012500000000000011 0.021475000000000022
1 0.31125 0.35947700000000005 0.012500000000000011 0.020542000000000005
1 0.3125 0.327264 0.010000000000000009 0.01960799999999996
1 0.31937499999999996 0.3361345 0.011250000000000038 0.02054100000000003
1 0.321875 0.286648 0.00874999999999998 0.020542000000000005
1 0.3253125 0.362278 0.010624999999999996 0.01867399999999997
1 0.3265625 0.305789 0.013124999999999998 0.021475999999999995
1 0.32718749999999996 0.4187675 0.011875000000000024 0.017741000000000007
1 0.32906250000000004 0.39169 0.013124999999999998 0.021475999999999995
1 0.3546875 0.343604 0.06187500000000001 0.07469600000000004
1 0.3309375 0.40803 0.009375000000000022 0.01867399999999997
1 0.385 0.4033615 0.04249999999999998 0.035480999999999985
1 0.3784375 0.4626515 0.013124999999999998 0.021475000000000022
1 0.3834375 0.5135385 0.015625 0.014939000000000036
1 0.3859375 0.4533145 0.010624999999999996 0.021475000000000022
1 0.3884375 0.464519 0.010624999999999996 0.017739999999999978
1 0.393125 0.449113 0.01375000000000004 0.016805999999999988
1 0.39937500000000004 0.473389 0.011250000000000038 0.01867399999999997
1 0.4059375 0.430906 0.010624999999999996 0.019608000000000014
1 0.41031249999999997 0.4388425 0.011875000000000024 0.01493899999999998
1 0.4203125 0.390756 0.014374999999999971 0.02521000000000001
1 0.469375 0.528478 0.010000000000000009 0.014939999999999953
1 0.478125 0.528478 0.014999999999999958 0.014939999999999953
