1 0.007639 0.1510415 0.015278 0.05208299999999999
1 0.046528 0.1510415 0.0625 0.072917
1 0.1166665 0.144792 0.06944499999999999 0.07500000000000001
1 0.186111 0.1385415 0.08333400000000002 0.083333
1 0.2395835 0.154167 0.07916699999999999 0.06874999999999999
1 0.33125000000000004 0.1515625 0.08472200000000002 0.071875
1 0.458333 0.1552085 0.07222200000000001 0.070833
1 0.539583 0.1619795 0.08472200000000002 0.078125
1 0.6131945 0.1786455 0.07638900000000004 0.06562500000000002
1 0.6979165 0.1729165 0.08194500000000005 0.07708300000000001
1 0.7562500000000001 0.183333 0.07638800000000001 0.0625
1 0.8305555 0.1953125 0.0833330000000001 0.06979099999999999
1 0.90625 0.202604 0.0763879999999999 0.06979199999999999
1 0.938889 0.2182295 0.05277799999999999 0.05937500000000001
1 0.9840275 0.21458300000000002 0.029167000000000054 0.06875
1 0.9840275 0.2359375 0.029167000000000054 0.05937500000000001
