1 0.4475 0.33458299999999996 0.040000000000000036 0.07122800000000001
1 0.474375 0.2858485 0.040000000000000036 0.076851
1 0.4871875 0.3589505 0.03687499999999999 0.069353
1 0.49874999999999997 0.43955049999999996 0.03749999999999998 0.06747900000000001
1 0.6309374999999999 0.371134 0.03437499999999993 0.065604
1 0.645 0.3003745 0.04249999999999998 0.053420999999999996
1 0.6621874999999999 0.340206 0.038125000000000075 0.073102
1 0.6621875 0.38191200000000003 0.015625 0.01405799999999996
1 0.6859375000000001 0.31209 0.041874999999999996 0.06935399999999997
1 0.8103125 0.6302719999999999 0.02187500000000009 0.04029999999999989
