1 0.017952 0.5145 0.035904 0.35899999999999993
1 0.0206115 0.87 0.041223 0.22199999999999998
1 0.069149 0.3755 0.075798 0.127
1 0.3543885 0.193 0.05984100000000003 0.11199999999999999
1 0.391955 0.2325 0.059176000000000006 0.07500000000000001
1 0.403258 0.26749999999999996 0.065824 0.059
1 0.4012635 0.153 0.05917499999999998 0.10799999999999998
1 0.4305185 0.193 0.05119699999999999 0.10799999999999998
1 0.4438165 0.315 0.05651499999999998 0.10599999999999998
1 0.44481400000000004 0.226 0.05186200000000002 0.07800000000000001
1 0.447141 0.3415 0.053856000000000015 0.07500000000000001
1 0.445479 0.148 0.03723399999999999 0.06
1 0.5152925 0.28900000000000003 0.03457500000000008 0.064
1 0.5405584999999999 0.2285 0.035904999999999965 0.07300000000000001
1 0.5438829999999999 0.3175 0.034573999999999994 0.067
1 0.541223 0.27349999999999997 0.023935999999999957 0.032999999999999974
1 0.548205 0.1815 0.03125 0.044999999999999984
1 0.553856 0.136 0.03723399999999999 0.07
1 0.565492 0.0745 0.040558000000000094 0.07500000000000001
1 0.5694815 0.276 0.041888999999999954 0.066
1 0.5704785 0.221 0.031914999999999916 0.03799999999999998
1 0.5718084999999999 0.32199999999999995 0.03191500000000003 0.057999999999999996
1 0.5777925 0.147 0.04122300000000001 0.059999999999999984
1 0.6675530000000001 0.021 0.07180799999999998 0.042
1 0.707114 0.3105 0.017951999999999968 0.03300000000000003
1 0.7077795 0.3415 0.011303000000000063 0.02899999999999997
1 0.7111035 0.27549999999999997 0.00997300000000001 0.03699999999999998
1 0.7184175 0.3635 0.02194099999999999 0.019000000000000017
1 0.721077 0.243 0.021942000000000017 0.048000000000000015
1 0.7267285 0.39149999999999996 0.030585000000000084 0.05299999999999999
1 0.748338 0.3085 0.06981399999999993 0.09099999999999997
1 0.728391 0.35450000000000004 0.021942000000000017 0.032999999999999974
1 0.7337100000000001 0.242 0.021942000000000017 0.05000000000000002
1 0.7632975 0.0585 0.081117 0.117
1 0.7390295 0.20850000000000002 0.02194099999999999 0.016999999999999987
1 0.747673 0.186 0.029920000000000058 0.062
1 0.7443485000000001 0.383 0.020611000000000046 0.038000000000000034
1 0.7636305 0.49550000000000005 0.04853700000000005 0.09500000000000003
1 0.7722739999999999 0.273 0.04720800000000003 0.10400000000000001
1 0.76629 0.21050000000000002 0.03125 0.028999999999999998
1 0.784907 0.4295 0.06848399999999999 0.08499999999999996
1 0.784907 0.3635 0.057846000000000064 0.10099999999999998
1 0.7682845 0.1755 0.016622999999999943 0.02099999999999999
1 0.79754 0.138 0.05518599999999996 0.05800000000000001
1 0.7995345 0.1915 0.04587700000000006 0.08500000000000002
1 0.8214760000000001 0.28250000000000003 0.059176000000000006 0.101
1 0.815492 0.3275 0.03523999999999994 0.029000000000000026
1 0.834774 0.24 0.05518599999999996 0.07000000000000003
1 0.863364 0.3025 0.04454800000000003 0.07900000000000001
