1 0.27125 0.45875 0.046249999999999986 0.08416599999999996
1 0.2953125 0.48875 0.05562499999999998 0.07250000000000001
1 0.3034375 0.5225 0.05687499999999995 0.046665999999999985
1 0.3071875 0.41000000000000003 0.05437499999999995 0.09166599999999997
1 0.3415625 0.47458350000000005 0.05812499999999998 0.08916700000000005
1 0.3734375 0.39708350000000003 0.05562499999999998 0.095833
1 0.38 0.4375 0.050000000000000044 0.05333399999999999
1 0.3965625 0.467917 0.05812499999999998 0.08250000000000002
1 0.45687500000000003 0.4504165 0.06 0.089167
1 0.454375 0.48624999999999996 0.03624999999999995 0.07249999999999995
1 0.5015625 0.50375 0.060624999999999984 0.08583400000000002
1 0.5009375 0.435 0.05437499999999995 0.08666600000000002
1 0.5653125 0.4466665 0.0618749999999999 0.10333300000000001
1 0.5815625 0.5062500000000001 0.05062500000000003 0.07750000000000001
1 0.6059375 0.4891665 0.06312499999999999 0.08166700000000005
1 0.6196875 0.44 0.06437499999999996 0.07166600000000001
