1 0.005625 0.555347 0.01125 0.08442800000000006
1 0.009375 0.4507505 0.01875 0.09662300000000001
1 0.0575 0.521576 0.115 0.150094
1 0.186875 0.5811445 0.05875 0.10787899999999995
1 0.2084375 0.49296449999999997 0.06687500000000002 0.10037499999999999
1 0.2290625 0.5938085 0.07187500000000002 0.125703
1 0.2690625 0.5370545 0.081875 0.10037500000000005
1 0.44625000000000004 0.097561 0.10125 0.157598
1 0.43843750000000004 0.558161 0.029374999999999984 0.06379000000000001
1 0.49375 0.2223265 0.09874999999999995 0.146341
1 0.54625 0.126642 0.10874999999999996 0.15384599999999998
1 0.54625 0.37804899999999997 0.04499999999999993 0.08817999999999998
1 0.6115625 0.337711 0.055625000000000036 0.06941799999999998
1 0.7990625 0.6027205 0.03312500000000007 0.05159500000000006
1 0.8103125 0.568011 0.016874999999999973 0.01782399999999995
1 0.8190625 0.540807 0.03187499999999999 0.04784200000000005
1 0.811875 0.6355535000000001 0.007500000000000062 0.032833
1 0.826875 0.6266415 0.018750000000000044 0.030019000000000018
1 0.849375 0.5806755 0.06125000000000003 0.09193300000000004
1 0.8646875 0.656191 0.07187500000000002 0.10600399999999999
1 0.8696875 0.5304875 0.07187500000000002 0.07223299999999999
1 0.9196875 0.5924015 0.07437500000000008 0.10787900000000006
1 0.9725 0.5333019999999999 0.053749999999999964 0.218574
