0 0.05 0.328524 0.1 0.07769199999999998
0 0.0303125 0.335738 0.030625 0.04994399999999999
0 0.1375 0.654828 0.11124999999999999 0.08879000000000004
0 0.1009375 0.6503885 0.020625000000000004 0.024417000000000022
0 0.114375 0.8041065000000001 0.03749999999999999 0.04550500000000002
0 0.13374999999999998 0.491121 0.01125000000000001 0.016647999999999996
0 0.2028125 0.46059950000000005 0.109375 0.08213100000000001
0 0.195 0.6820200000000001 0.06 0.06104399999999999
0 0.2309375 0.561598 0.080625 0.07103199999999998
0 0.2546875 0.4511655 0.115625 0.114317
0 0.2925 0.8129854999999999 0.07 0.10099899999999995
0 0.2934375 0.1137625 0.02437499999999998 0.03218699999999999
0 0.3853125 0.716426 0.03312499999999996 0.05216399999999999
0 0.4334375 0.6492785000000001 0.109375 0.095449
0 0.448125 0.7752494999999999 0.11749999999999994 0.13873499999999994
0 0.44906250000000003 0.16204200000000002 0.075625 0.09101000000000001
0 0.4553125 0.7685905 0.029374999999999984 0.04328500000000002
0 0.47250000000000003 0.618757 0.048750000000000016 0.0566040000000001
0 0.47468750000000004 0.378468 0.03437499999999999 0.03551600000000005
0 0.500625 0.3684795 0.04625000000000007 0.097669
0 0.5059374999999999 0.783019 0.04062500000000002 0.04994399999999999
0 0.5434375 0.0899 0.078125 0.09101000000000001
0 0.57125 0.44117649999999997 0.08750000000000002 0.103219
0 0.6378125 0.7380690000000001 0.17437499999999995 0.12652600000000003
0 0.576875 0.6398444999999999 0.04249999999999998 0.06326299999999996
0 0.6359375 0.3251945 0.08812500000000001 0.08435099999999995
0 0.6378125 0.5582685000000001 0.059374999999999956 0.08213100000000007
0 0.72875 0.5843505 0.18999999999999995 0.156493
0 0.7128125 0.6442840000000001 0.046875 0.036625999999999936
0 0.7453125 0.6709215 0.018125000000000058 0.029966999999999966
0 0.8434375000000001 0.7935625 0.09562499999999996 0.11542700000000006
0 0.8356250000000001 0.6936735 0.05500000000000005 0.08435099999999995
0 0.8671875 0.718646 0.059374999999999956 0.11653800000000003
0 0.879375 0.5244175 0.04749999999999999 0.04550500000000002
0 0.8903125000000001 0.08046600000000001 0.038125000000000075 0.054384
0 0.8953125 0.24972250000000001 0.038125000000000075 0.102109
0 0.9728125000000001 0.363485 0.011874999999999969 0.021087999999999996
