1 0.0309375 0.0641665 0.061875 0.11666699999999999
1 0.0765625 0.2475 0.086875 0.14
1 0.13 0.15 0.08499999999999999 0.14500000000000002
1 0.15531250000000002 0.395417 0.08937500000000001 0.14250000000000002
1 0.184375 0.27249999999999996 0.07999999999999999 0.14499999999999996
1 0.18937500000000002 0.1458335 0.03874999999999998 0.081667
1 0.19343749999999998 0.175 0.02562499999999998 0.04000000000000001
1 0.240625 0.15375 0.044999999999999984 0.069166
1 0.24812499999999998 0.09875 0.04500000000000001 0.07916600000000001
1 0.279375 0.1279165 0.04249999999999998 0.07583300000000001
1 0.27749999999999997 0.2416665 0.03375 0.05666700000000002
1 0.309375 0.10833299999999998 0.04125000000000001 0.075
1 0.34125 0.10083299999999999 0.05249999999999999 0.095
1 0.3528125 0.239167 0.03437499999999999 0.05499999999999999
1 0.3534375 0.15 0.030625000000000013 0.05499999999999999
1 0.37375 0.11624999999999999 0.03999999999999998 0.0775
1 0.419375 0.10291700000000001 0.043749999999999956 0.07250000000000001
1 0.42656249999999996 0.2375 0.029374999999999984 0.05500000000000002
1 0.5 0.0120835 0.03750000000000003 0.024167
1 0.5078125 0.238333 0.03187500000000004 0.06
1 0.6499999999999999 0.155417 0.07874999999999999 0.1275
1 0.6487499999999999 0.29625 0.07124999999999992 0.1175
1 0.7150000000000001 0.2970835 0.06999999999999995 0.125833
1 0.745625 0.3945835 0.07374999999999998 0.12916699999999998
1 0.8146875 0.065417 0.05437500000000006 0.0925
