1 0.168125 0.2841665 0.07 0.098333
1 0.210625 0.41041700000000003 0.05374999999999999 0.08749999999999997
1 0.31156249999999996 0.515417 0.018125000000000002 0.03249999999999997
1 0.35 0.2816665 0.07500000000000001 0.10333299999999998
1 0.3328125 0.499167 0.021874999999999978 0.034999999999999976
1 0.3540625 0.35166699999999995 0.06187500000000001 0.05499999999999999
1 0.3596875 0.4029165 0.06062500000000004 0.08416699999999999
1 0.38375 0.14 0.0675 0.1
1 0.390625 0.2925 0.04249999999999998 0.08500000000000002
1 0.4353125 0.2345835 0.05937500000000001 0.065833
1 0.5775 0.38375000000000004 0.08499999999999996 0.1225
1 0.6637500000000001 0.2108335 0.07750000000000001 0.11333300000000002
