1 0.0146875 0.6679165 0.029375 0.089167
1 0.0653125 0.395 0.061875 0.09500000000000003
1 0.11406250000000001 0.2833335 0.060625 0.091667
1 0.16625 0.445 0.05124999999999999 0.08499999999999996
1 0.3775 0.53375 0.04749999999999999 0.06916599999999995
1 0.4653125 0.267917 0.05562499999999998 0.08750000000000002
1 0.478125 0.09625 0.05249999999999999 0.08916600000000002
1 0.510625 0.060417 0.044999999999999984 0.08249999999999999
1 0.844375 0.2891665 0.04875000000000007 0.08333299999999999
1 0.9503125 0.11791650000000001 0.04937499999999995 0.074167
1 0.9775 0.08374999999999999 0.04375000000000007 0.074166
