1 0.0578125 0.6390625000000001 0.053125000000000006 0.05312499999999998
1 0.094531 0.7257815000000001 0.014062000000000005 0.017186999999999952
1 0.1578125 0.789844 0.078125 0.09218799999999994
1 0.1710935 0.5906245 0.07031299999999999 0.078125
1 0.242969 0.89375 0.01718799999999998 0.018749999999999933
1 0.2609375 0.825 0.015625 0.012500000000000067
1 0.2609375 0.859375 0.015625 0.012499999999999956
1 0.28984350000000003 0.7406250000000001 0.039063000000000014 0.03749999999999998
1 0.3101565 0.8398435 0.010936999999999975 0.010936999999999975
1 0.33125 0.36328099999999997 0.025000000000000022 0.023438000000000014
1 0.342188 0.828125 0.025000000000000022 0.03125
1 0.3562505 0.9351560000000001 0.021875000000000033 0.020311999999999997
1 0.36250000000000004 0.90625 0.012500000000000011 0.018750000000000044
1 0.36875 0.8859375 0.012500000000000011 0.009375000000000022
1 0.3796875 0.8601559999999999 0.018749000000000016 0.02343799999999996
1 0.396094 0.8359375 0.010938000000000003 0.012501000000000095
1 0.39765649999999997 0.8585935 0.01093700000000003 0.010936999999999975
1 0.4046875 0.9195310000000001 0.012498999999999982 0.010938000000000003
1 0.4109375 0.934375 0.015625 0.012500000000000067
1 0.424219 0.873437 0.014062000000000019 0.018750000000000044
1 0.42578150000000003 0.915625 0.017187000000000008 0.018750000000000044
1 0.4281245 0.841406 0.015625 0.02343800000000007
1 0.435938 0.8117190000000001 0.025000000000000022 0.029688000000000048
1 0.4421875 0.8007815 0.012500999999999984 0.010936999999999975
1 0.4468755 0.892969 0.015625 0.01718799999999998
1 0.4546875 0.8726565 0.018751000000000018 0.026563000000000003
1 0.4585935 0.7492190000000001 0.026563000000000003 0.03906200000000004
1 0.457031 0.908594 0.010938000000000003 0.014062000000000019
1 0.46015649999999997 0.916406 0.01093700000000003 0.010938000000000003
1 0.46484349999999997 0.927344 0.014062999999999992 0.020311999999999997
1 0.467187 0.936719 0.01874999999999999 0.014062000000000019
1 0.4734375 0.91875 0.015625 0.018749999999999933
1 0.478125 0.807031 0.012500000000000011 0.017188000000000092
1 0.482031 0.8601565 0.01718799999999998 0.026563000000000003
1 0.4828125 0.8992184999999999 0.015625 0.02343700000000004
1 0.492969 0.875781 0.014062000000000019 0.014062000000000019
1 0.4968745 0.883594 0.015625 0.020311999999999997
1 0.5124995 0.8898435 0.009374999999999911 0.014062999999999937
1 0.513281 0.9367185 0.00781199999999993 0.017187000000000063
1 0.517188 0.9140625 0.012499999999999956 0.012501000000000095
1 0.521875 0.935156 0.012499999999999956 0.014062000000000019
1 0.524219 0.917187 0.010938000000000003 0.012499999999999956
1 0.5390625 0.7523439999999999 0.034375000000000044 0.042188
1 0.5343755 0.7148435 0.015625 0.020313000000000025
1 0.557031 0.7976565 0.035937999999999914 0.035937
1 0.548438 0.6937505 0.012499999999999956 0.015625
1 0.559375 0.9039065 0.018749999999999933 0.026563000000000003
1 0.5664065 0.854687 0.02343700000000004 0.018750000000000044
1 0.563281 0.841406 0.014062000000000019 0.01718799999999998
1 0.5640625 0.7765625 0.015625 0.021874999999999978
1 0.571094 0.8726565 0.020311999999999997 0.026563000000000003
1 0.6359375 0.6460935 0.14687499999999998 0.16406300000000007
1 0.5859375 0.785938 0.03750100000000001 0.050000000000000044
1 0.6007815000000001 0.6953125 0.017186999999999952 0.018748999999999905
1 0.63125 0.917188 0.018750000000000044 0.02499999999999991
1 0.667969 0.7367185 0.03281199999999995 0.035937
1 0.6843755 0.784375 0.034375000000000044 0.05312600000000001
1 0.696875 0.835156 0.02187399999999995 0.026561999999999975
1 0.7320315 0.5234375 0.035937 0.04062499999999991
1 0.728906 0.9140625 0.017188000000000092 0.015625
1 0.839844 0.5515625 0.15156199999999997 0.16875099999999998
1 0.8312495 0.8687499999999999 0.034375000000000044 0.03749999999999998
1 0.8687495 0.6468750000000001 0.109375 0.11875000000000002
1 0.9671875 0.8367184999999999 0.046875 0.04843699999999995
