1 0.14687499999999998 0.0262665 0.056249999999999994 0.052533
1 0.1940625 0.381332 0.03562500000000002 0.057224
1 0.203125 0.012664 0.05375000000000002 0.025328
1 0.2046875 0.175422 0.030625000000000013 0.065666
1 0.200625 0.4047845 0.017500000000000016 0.03470899999999999
1 0.21718749999999998 0.1275795 0.040624999999999994 0.073171
1 0.2215625 0.38227 0.026874999999999982 0.06285200000000002
1 0.24343750000000003 0.39212 0.031875000000000014 0.06378999999999996
1 0.258125 0.434334 0.04125000000000001 0.06754199999999999
1 0.2609375 0.1604125 0.040624999999999994 0.07692299999999999
1 0.2628125 0.19559100000000001 0.03187499999999999 0.04784200000000002
1 0.32499999999999996 0.28424 0.14875 0.17448399999999997
1 0.2775 0.5131330000000001 0.03125 0.04502799999999996
1 0.2840625 0.4845215 0.03562500000000002 0.051594999999999946
1 0.295625 0.4268295 0.04375000000000001 0.07129500000000005
1 0.3121875 0.150563 0.03562500000000002 0.049717999999999984
1 0.31718749999999996 0.18902400000000003 0.033125000000000016 0.042214
1 0.3434375 0.15994350000000002 0.03687499999999999 0.049718999999999985
1 0.37375 0.30300150000000003 0.04124999999999995 0.07692300000000002
1 0.38593750000000004 0.38696050000000004 0.029374999999999984 0.047843000000000024
1 0.40125 0.35881799999999997 0.057499999999999996 0.10037599999999997
1 0.40031249999999996 0.19277650000000002 0.033125000000000016 0.049718999999999985
1 0.4171875 0.292683 0.04062500000000002 0.09380800000000003
1 0.431875 0.389775 0.044999999999999984 0.060975999999999975
1 0.4271875 0.198405 0.030625000000000013 0.04596600000000001
1 0.43374999999999997 0.08911799999999999 0.04375000000000001 0.080676
1 0.44062500000000004 0.33020649999999996 0.044999999999999984 0.08442699999999997
1 0.44343750000000004 0.0060975 0.019374999999999976 0.012195
1 0.4515625 0.1871485 0.033125000000000016 0.05347099999999999
1 0.4765625 0.0253285 0.06562500000000004 0.050657
1 0.48812500000000003 0.1585365 0.04250000000000004 0.069419
1 0.5003125 0.23874299999999998 0.02812500000000001 0.05346999999999999
1 0.5209375 0.16510350000000001 0.03312499999999996 0.056285
1 0.6753125 0.217167 0.03187499999999999 0.05534800000000001
1 0.721875 0.0168855 0.05125000000000002 0.033771
1 0.8040625 0.00985 0.03562500000000002 0.0197
1 0.8503125 0.161351 0.03562500000000002 0.06379000000000001
