1 0.0398435 0.9083334999999999 0.079687 0.145833
1 0.049219 0.147917 0.098438 0.2375
1 0.050781 0.284375 0.101562 0.214584
1 0.0515625 0.411458 0.103125 0.13124999999999998
1 0.0546875 0.526042 0.109375 0.13125000000000003
1 0.0554685 0.6541665 0.110937 0.141667
1 0.0554685 0.9208335000000001 0.110937 0.15416700000000005
1 0.05625 0.777083 0.1125 0.16249999999999998
1 0.059375 0.404167 0.11875 0.17500000000000004
1 0.0609375 0.26458349999999997 0.121875 0.258333
1 0.0625 0.5166665 0.125 0.170833
1 0.0640625 0.13125 0.128125 0.2625
1 0.064844 0.646875 0.129688 0.16874999999999996
1 0.053125 0.7822914999999999 0.096874 0.12291700000000005
1 0.1375 0.9364585000000001 0.1125 0.12291700000000005
1 0.1710935 0.18541649999999998 0.167187 0.23333299999999998
1 0.171875 0.341667 0.16874999999999998 0.1875
1 0.1617185 0.6822915 0.145313 0.15208300000000008
1 0.152344 0.8177085 0.12031199999999999 0.16458300000000003
1 0.134375 0.947917 0.07812600000000001 0.10000000000000009
1 0.171875 0.56875 0.15000000000000002 0.17916599999999994
1 0.1710935 0.34791700000000003 0.139063 0.16250000000000003
1 0.1742185 0.19687500000000002 0.14531300000000003 0.197916
1 0.1773435 0.44895850000000004 0.151563 0.15208300000000002
1 0.198437 0.0927085 0.19375000000000003 0.185417
1 0.16875 0.463542 0.13125 0.13125000000000003
1 0.1664065 0.6833335 0.114063 0.13333300000000003
1 0.1484375 0.8208329999999999 0.068749 0.13750000000000007
1 0.1773435 0.5770835 0.114063 0.141667
1 0.1875 0.0916665 0.13124999999999998 0.183333
1 0.2351565 0.8854165 0.13906300000000002 0.1708329999999999
1 0.234375 0.972917 0.125 0.050000000000000044
1 0.2203125 0.8989585 0.09062500000000001 0.11041699999999999
1 0.2429685 0.7520834999999999 0.11718699999999999 0.166667
1 0.24843749999999998 0.765625 0.08124899999999999 0.10624999999999996
1 0.2828125 0.6239585 0.11874900000000002 0.16041700000000003
1 0.286719 0.51875 0.12656199999999998 0.15833400000000003
1 0.247656 0.9875 0.04531199999999999 0.02083400000000002
1 0.309375 0.275 0.1625 0.2
1 0.3046875 0.4083335 0.140625 0.166667
1 0.2796875 0.6427085 0.07499900000000001 0.11041699999999999
1 0.2828125 0.5239579999999999 0.07812500000000003 0.13124999999999998
1 0.3140625 0.27708350000000004 0.14062500000000003 0.18333300000000002
1 0.3304685 0.1302085 0.17031300000000002 0.260417
1 0.3132815 0.941667 0.10781299999999999 0.11250000000000004
1 0.326563 0.8333335 0.13124999999999998 0.13333300000000003
1 0.3078125 0.4239585 0.08437499999999998 0.122917
1 0.3226565 0.8510415 0.09531299999999998 0.08958299999999997
1 0.3335935 0.166667 0.10781299999999999 0.16249999999999998
1 0.319531 0.9458335 0.06093799999999999 0.10416700000000001
1 0.3570315 0.7322915 0.120313 0.14791700000000008
1 0.359375 0.734375 0.08125000000000004 0.14375000000000004
1 0.3773435 0.5958335 0.11406300000000003 0.15416699999999994
1 0.3984375 0.4635415 0.12812500000000004 0.14791699999999997
1 0.3851565 0.5979165 0.09218700000000002 0.12083299999999997
1 0.40703100000000003 0.91875 0.12968799999999997 0.15833400000000009
1 0.4273435 0.3708335 0.139063 0.166667
1 0.40312499999999996 0.485417 0.08124999999999999 0.11249999999999999
1 0.390625 0.9833335000000001 0.05312600000000001 0.029167000000000054
1 0.427344 0.367708 0.11718799999999996 0.15625
1 0.4124995 0.9208335000000001 0.06562499999999999 0.13333300000000003
1 0.453125 0.24895849999999997 0.146876 0.20208299999999998
1 0.439063 0.8 0.10625000000000001 0.15000000000000002
1 0.452344 0.265625 0.13281200000000004 0.16874999999999998
1 0.4296875 0.8072915 0.08437499999999998 0.12291700000000005
1 0.478125 0.1197915 0.16562600000000005 0.239583
1 0.461719 0.6854165 0.10468800000000006 0.141667
1 0.470312 0.12708350000000002 0.09999999999999998 0.20833300000000002
1 0.5328125 0.0635415 0.215625 0.127083
1 0.463281 0.6947920000000001 0.07031200000000004 0.10625000000000007
1 0.477344 0.9760420000000001 0.09843800000000003 0.04375000000000007
1 0.484375 0.5635415 0.10624999999999996 0.16041700000000003
1 0.46484349999999997 0.9802085 0.04531299999999999 0.03541700000000003
1 0.4851565 0.56875 0.07656299999999994 0.125
1 0.5015625 0.891667 0.10312499999999997 0.15000000000000002
1 0.5148435 0.446875 0.12968699999999994 0.18124999999999997
1 0.5023435 0.8916664999999999 0.07031299999999996 0.13333300000000003
1 0.529687 0.0677085 0.10625000000000001 0.135417
1 0.5203125 0.4604165 0.06562499999999999 0.13333299999999998
1 0.540625 0.7760415 0.10625000000000001 0.14791699999999997
1 0.5382815 0.776042 0.09531299999999998 0.11874999999999991
1 0.553906 0.3364585 0.12031199999999997 0.15208299999999997
1 0.557031 0.33958350000000004 0.104688 0.13333299999999998
1 0.564844 0.6677085 0.11093799999999998 0.16458300000000003
1 0.5914065 0.1979165 0.1578130000000001 0.24166699999999997
1 0.5625 0.6656249999999999 0.09375 0.13124999999999998
1 0.5742185 0.9614585 0.11093699999999995 0.07291700000000001
1 0.59375 0.21458349999999998 0.146876 0.204167
1 0.5945315 0.5395829999999999 0.11406300000000003 0.17499999999999993
1 0.5789065 0.96875 0.07656299999999994 0.05833400000000011
1 0.5859375 0.5552085 0.0812489999999999 0.12291699999999994
1 0.6546875 0.115625 0.19374899999999995 0.23125
1 0.6046875 0.871875 0.09062500000000007 0.11458400000000002
1 0.6132815 0.8708335 0.10781300000000005 0.141667
1 0.6296875 0.4270835 0.11562499999999998 0.208333
1 0.6367185 0.75 0.10781300000000005 0.1625000000000001
1 0.652344 0.1354165 0.11718799999999996 0.204167
1 0.638281 0.42291650000000003 0.07656200000000002 0.170833
1 0.6414065 0.7645835 0.07343699999999997 0.10833300000000001
1 0.6710935 0.951042 0.120313 0.09375
1 0.674219 0.33229149999999996 0.11718800000000007 0.189583
1 0.678125 0.640625 0.125 0.1520840000000001
1 0.6671875 0.6427085 0.09687499999999993 0.12291699999999994
1 0.6765625 0.965625 0.09687499999999993 0.06458400000000009
1 0.675781 0.346875 0.09218800000000005 0.152084
1 0.707031 0.8677085 0.12343800000000005 0.15208299999999997
1 0.7132814999999999 0.553125 0.129687 0.15208400000000005
1 0.7359375 0.2104165 0.15937500000000004 0.25833300000000003
1 0.707031 0.8760414999999999 0.09218800000000005 0.12291700000000005
1 0.7085935000000001 0.5583335 0.089063 0.12083300000000002
1 0.7359375 0.228125 0.12812500000000004 0.23541600000000001
1 0.7523435 0.7520835 0.129687 0.15416699999999994
1 0.758594 0.4260415 0.12031199999999997 0.197917
1 0.7515625 0.7645835000000001 0.07499900000000004 0.09583299999999995
1 0.757031 0.44895850000000004 0.082812 0.122917
1 0.7804685 0.640625 0.129687 0.17291600000000007
1 0.775 0.9447920000000001 0.11250000000000004 0.10625000000000007
1 0.7828125 0.653125 0.09999899999999995 0.13958400000000004
1 0.854688 0.1385415 0.2124999999999999 0.277083
1 0.819531 0.3510415 0.135938 0.189583
1 0.83125 0.565625 0.13750000000000007 0.20208399999999999
1 0.8484375 0.142708 0.171875 0.26875000000000004
1 0.8210934999999999 0.865625 0.10781300000000005 0.17708400000000002
1 0.832031 0.5708329999999999 0.12031199999999997 0.16249999999999998
1 0.820313 0.346875 0.09375 0.18125000000000002
1 0.826562 0.860417 0.07499999999999996 0.15000000000000002
1 0.8726560000000001 0.7666665 0.145312 0.170833
1 0.8726565 0.76875 0.12343699999999991 0.14583400000000002
1 0.8875 0.479167 0.15000000000000002 0.21249999999999997
1 0.910938 0.26875 0.17500000000000004 0.270834
1 0.885156 0.486458 0.114062 0.18125000000000002
1 0.89375 0.9583335 0.09999999999999998 0.0791670000000001
1 0.9289065000000001 0.290625 0.13906300000000005 0.22291600000000003
1 0.935938 0.6604165 0.125 0.19166700000000003
1 0.9375 0.9010415 0.1218760000000001 0.1395829999999999
1 0.9390625 0.421875 0.11875100000000005 0.19791599999999998
1 0.9398435 0.672917 0.11406299999999991 0.16249999999999998
1 0.9359375000000001 0.8927084999999999 0.08437499999999998 0.11458299999999999
1 0.957813 0.440625 0.08125000000000004 0.160416
1 0.9664065 0.586458 0.06406300000000009 0.18124999999999997
1 0.9664065 0.8239585 0.06406300000000009 0.172917
1 0.9750005 0.8302085 0.046875 0.11041699999999999
1 0.9820315 0.603125 0.03281300000000009 0.13541599999999998
