1 0.283 0.352 0.566 0.704
1 0.324 0.61 0.14800000000000002 0.28
1 0.4266665 0.654 0.13733300000000004 0.21399999999999997
1 0.5463335 0.435 0.36333299999999996 0.668
1 0.41866650000000005 0.7235 0.033333 0.06500000000000006
1 0.6046665 0.62 0.1666669999999999 0.29200000000000004
1 0.6990000000000001 0.7050000000000001 0.08866600000000002 0.138
1 0.767667 0.46649999999999997 0.18999999999999995 0.45099999999999996
1 0.7829999999999999 0.6905 0.056665999999999994 0.03699999999999992
1 0.8326665 0.655 0.09866700000000006 0.15000000000000002
1 0.9123330000000001 0.5675 0.17400000000000004 0.387
1 0.9790000000000001 0.6335 0.04066599999999998 0.08500000000000008
