0 0.055625 0.66875 0.01625 0.02416600000000002
0 0.3984375 0.7295834999999999 0.6356250000000001 0.28416699999999995
0 0.314375 0.304583 0.39125 0.15249999999999997
0 0.365 0.5645835 0.36375 0.19083300000000003
0 0.3571875 0.8254165 0.10562499999999997 0.07916699999999999
0 0.5471875 0.44916649999999997 0.340625 0.13666699999999998
0 0.5496875 0.50875 0.20687499999999998 0.07583400000000001
0 0.6937500000000001 0.0954165 0.02749999999999997 0.024166999999999994
0 0.7384375000000001 0.8791665 0.051875000000000004 0.10333300000000001
0 0.771875 0.6745835 0.0625 0.025832999999999995
0 0.791875 0.8104165 0.013749999999999929 0.025832999999999995
0 0.8559375 0.82 0.09062499999999996 0.061666
0 0.844375 0.68625 0.03374999999999995 0.02416600000000002
0 0.870625 0.2795835 0.025000000000000022 0.034167
0 0.9503125 0.71625 0.09812500000000002 0.029165999999999914
0 0.9253125 0.28875 0.015625 0.015834000000000015
0 0.9334374999999999 0.8604165 0.020625000000000004 0.025832999999999995
