1 0.4053125 0.241146 0.073125 0.13229200000000002
1 0.423125 0.3421875 0.065 0.109375
1 0.45906250000000004 0.2427085 0.075625 0.08541699999999997
1 0.46281249999999996 0.192708 0.06562499999999999 0.15625
1 0.4871875 0.314583 0.07312500000000005 0.11250000000000004
1 0.520625 0.1572915 0.07000000000000006 0.154167
1 0.523125 0.23125 0.052499999999999936 0.066666
1 0.5425 0.30885399999999996 0.04249999999999998 0.111458
1 0.571875 0.103125 0.06499999999999995 0.11249999999999999
1 0.5846875 0.32499999999999996 0.083125 0.11249999999999999
1 0.5803125 0.1984375 0.06687500000000002 0.13229100000000002
1 0.6378125 0.1109375 0.07687500000000003 0.128125
1 0.6178125000000001 0.2177085 0.03187499999999999 0.08541700000000002
