1 0.6109375 0.1398435 0.10624900000000004 0.10156299999999999
1 0.5773435 0.2054685 0.035937 0.039063000000000014
1 0.5921875 0.2625 0.03749899999999995 0.028126000000000012
1 0.5953125 0.23281249999999998 0.03749899999999995 0.04999899999999999
1 0.6039065 0.294531 0.03281299999999998 0.04531200000000002
1 0.5984375 0.3234375 0.015625 0.018749000000000016
1 0.614844 0.1976565 0.042188 0.04531300000000002
1 0.6085935 0.3476565 0.026563000000000003 0.026563000000000003
1 0.61875 0.3218745 0.043749999999999956 0.04062500000000002
1 0.617969 0.2609375 0.035938000000000025 0.040624999999999994
1 0.6367185 0.2367185 0.04843699999999995 0.03906299999999999
1 0.6382815 0.291406 0.042187000000000086 0.042188
1 0.6375005 0.34453100000000003 0.028124999999999956 0.02656200000000003
1 0.6476565000000001 0.201562 0.03906299999999996 0.03125
1 0.652344 0.2648435 0.03281199999999995 0.03906299999999999
1 0.6570315 0.3179685 0.035937 0.03281299999999998
