1 0.688281 0.4124995 0.04843799999999998 0.12187500000000001
1 0.7375 0.41015599999999997 0.09999999999999998 0.126562
1 0.753125 0.521875 0.115626 0.10000000000000003
1 0.7382815 0.6234375000000001 0.04531300000000005 0.08437499999999998
1 0.794531 0.591406 0.13281199999999993 0.13281199999999993
1 0.7984374999999999 0.303906 0.11562499999999998 0.09843800000000003
1 0.8351565000000001 0.4125 0.13906300000000005 0.1375
1 0.8703125 0.339062 0.11562499999999998 0.10000000000000003
1 0.8460935 0.2640625 0.03281300000000009 0.04374900000000001
1 0.914844 0.271094 0.12968800000000003 0.132812
1 0.9429685 0.42109399999999997 0.08593699999999993 0.13281199999999999
1 0.9601565 0.3359375 0.06406299999999998 0.06562500000000004
