1 0.579375 0.240619 0.03874999999999995 0.04596600000000001
1 0.57625 0.283771 0.030000000000000027 0.05910000000000004
1 0.58375 0.38367700000000005 0.04249999999999998 0.04502800000000001
1 0.5846875 0.2124765 0.04062500000000002 0.05534700000000001
1 0.590625 0.171201 0.04999999999999993 0.06848000000000001
1 0.573125 0.1336775 0.012499999999999956 0.029080999999999982
1 0.593125 0.336773 0.04499999999999993 0.065666
1 0.5890625 0.133677 0.026874999999999982 0.062852
1 0.5859375 0.08067550000000001 0.018124999999999947 0.058161000000000004
1 0.5915625 0.023921 0.024375000000000036 0.047842
1 0.608125 0.28939950000000003 0.050000000000000044 0.029080999999999968
1 0.6128125 0.261726 0.04562500000000003 0.061914000000000025
1 0.619375 0.0379925 0.05875000000000008 0.075985
1 0.6078125 0.0848965 0.028124999999999956 0.053471
1 0.6159375 0.13742949999999998 0.041874999999999996 0.06848099999999999
1 0.62375 0.211538 0.057499999999999996 0.06472800000000001
1 0.6190625000000001 0.435272 0.03187499999999999 0.07317000000000001
1 0.6275 0.394465 0.04625000000000001 0.06097600000000003
1 0.64375 0.18949349999999998 0.05625000000000002 0.056285
1 0.6371875 0.3320825 0.04062500000000002 0.071295
1 0.645 0.08911799999999999 0.053749999999999964 0.080676
1 0.6453125 0.1486865 0.03187499999999999 0.030957000000000012
1 0.65125 0.28939950000000003 0.04125000000000001 0.047843000000000024
1 0.653125 0.24437150000000002 0.04500000000000004 0.06097500000000003
1 0.653125 0.44090050000000003 0.03874999999999995 0.07317100000000004
1 0.6815625000000001 0.030019 0.08687499999999992 0.060038
1 0.67125 0.1111635 0.06125000000000003 0.09474700000000001
1 0.6634375 0.550188 0.04437500000000005 0.02157600000000004
1 0.6621875 0.405722 0.03562500000000002 0.04221400000000003
1 0.6678125 0.19512200000000002 0.03562500000000002 0.04878000000000002
1 0.67125 0.3555345 0.04249999999999998 0.07317100000000004
1 0.6756249999999999 0.3001875 0.03375000000000006 0.05440900000000004
1 0.6684375 0.16651 0.014375000000000027 0.019699999999999995
1 0.7334375 0.335366 0.12312500000000004 0.25985
1 0.6871875000000001 0.15619149999999998 0.026875000000000093 0.038460999999999995
1 0.7096875 0.064728 0.059374999999999956 0.093808
1 0.7168749999999999 0.1726075 0.04999999999999993 0.097561
1 0.7434375 0.08677299999999999 0.08062499999999995 0.12288999999999999
1 0.7659374999999999 0.218574 0.08687499999999992 0.10319
1 0.77625 0.1355535 0.09250000000000003 0.12288900000000001
1 0.7746875 0.033771 0.07437499999999997 0.067542
1 0.8171875 0.2964355 0.06687500000000002 0.10131300000000001
1 0.8109375 0.207786 0.03562500000000002 0.06285200000000002
1 0.8328125 0.0511255 0.07937500000000008 0.102251
1 0.8353125 0.2575045 0.08187499999999992 0.117261
1 0.85625 0.14258900000000002 0.08374999999999999 0.144466
1 0.83875 0.3531895 0.04499999999999993 0.03846099999999997
1 0.8678125000000001 0.33349 0.04062500000000002 0.04408999999999996
1 0.88 0.0281425 0.05125000000000002 0.056285
1 0.8984375 0.4540335 0.078125 0.14071300000000003
1 0.9128125 0.087711 0.08562499999999995 0.10037599999999999
1 0.9128125 0.25985 0.08562499999999995 0.17073200000000002
1 0.88375 0.3100375 0.018749999999999933 0.03470899999999999
1 0.9384375 0.1580675 0.09062500000000007 0.124765
1 0.95375 0.337711 0.09125000000000005 0.123828
1 0.95125 0.445122 0.05249999999999999 0.10788000000000003
1 0.9690624999999999 0.4338645 0.06062500000000004 0.14165099999999997
1 0.97375 0.2518765 0.05125000000000002 0.098499
