1 0.014706 0.3325165 0.029412 0.11274499999999998
1 0.0522875 0.24264750000000002 0.104575 0.142157
1 0.0866015 0.382353 0.13398700000000002 0.14705800000000002
1 0.2459155 0.33169950000000004 0.11601300000000003 0.12745100000000004
1 0.23611100000000002 0.42238549999999997 0.06699400000000003 0.06372499999999998
1 0.236928 0.4493465 0.055555999999999994 0.05228700000000003
1 0.279412 0.400327 0.052288 0.052288
1 0.3325165 0.2826795 0.14215699999999998 0.147059
1 0.3284315 0.4387255 0.10784300000000002 0.12908500000000006
1 0.7279415 0.242647 0.14542500000000003 0.16176400000000002
1 0.743464 0.38071900000000003 0.03268000000000004 0.05882400000000004
1 0.8080065000000001 0.40032650000000003 0.14215699999999998 0.147059
1 0.781863 0.46731999999999996 0.037582000000000004 0.026144
1 0.854575 0.267157 0.16666599999999998 0.16829999999999998
1 0.9607844999999999 0.260621 0.07516299999999998 0.17156800000000003
