1 0.242917 0.9803125 0.04749999999999999 0.038124999999999964
1 0.2916665 0.6971875000000001 0.018333000000000044 0.021874999999999978
1 0.306667 0.5396875000000001 0.019999999999999962 0.020625000000000004
1 0.48291700000000004 0.599375 0.02250000000000002 0.02750000000000008
1 0.6025 0.229375 0.11166599999999993 0.10250000000000001
1 0.6470835 0.943125 0.04583300000000001 0.04625000000000001
1 0.7504165 0.6053124999999999 0.07083300000000003 0.06312499999999999
1 0.749583 0.2846875 0.01750000000000007 0.015625
1 0.863333 0.9878125 0.050000000000000044 0.023125000000000062
1 0.86375 0.2659375 0.02749999999999997 0.021874999999999978
