1 0.113125 0.85375 0.16749999999999998 0.11624999999999996
1 0.166875 0.376875 0.275 0.18125000000000002
1 0.140625 0.5821875 0.21875 0.23562499999999997
1 0.2946875 0.779375 0.15562499999999999 0.18625000000000003
1 0.314375 0.6296875 0.10875000000000001 0.13687499999999997
1 0.339375 0.858125 0.135 0.12124999999999997
1 0.35875 0.3434375 0.17125 0.104375
1 0.39125 0.57 0.16749999999999998 0.195
1 0.3990625 0.7784375 0.073125 0.05812499999999998
1 0.47406250000000005 0.425625 0.16187500000000005 0.15249999999999997
1 0.4603125 0.7134375 0.13187500000000002 0.13687499999999997
1 0.47500000000000003 0.8503125 0.15000000000000002 0.13687499999999997
1 0.5390625 0.8125 0.08687500000000004 0.06125000000000003
1 0.656875 0.846875 0.20999999999999996 0.14374999999999993
1 0.640625 0.7615624999999999 0.0887500000000001 0.04437499999999994
1 0.76125 0.7059375 0.19625000000000004 0.20687499999999992
1 0.9096875 0.795625 0.10812500000000003 0.24250000000000005
