1 0.29874999999999996 0.9821765 0.058750000000000024 0.033770999999999995
1 0.3040625 0.920263 0.06437500000000002 0.09005600000000002
1 0.31218749999999995 0.7983115000000001 0.03937499999999999 0.06941900000000001
1 0.34687500000000004 0.8625700000000001 0.044999999999999984 0.08724199999999993
1 0.879375 0.804878 0.04625000000000001 0.06941799999999998
1 0.8825000000000001 0.692308 0.04749999999999999 0.06754199999999999
1 0.88375 0.7354594999999999 0.04500000000000004 0.05440900000000004
1 0.9003125000000001 0.845216 0.03937500000000005 0.061914000000000025
1 0.9199999999999999 0.763602 0.04874999999999996 0.06754199999999999
1 0.9209375 0.8025325000000001 0.03687499999999999 0.03470899999999999
