1 0.0034375 0.9718575 0.006875 0.05440900000000004
1 0.0125 0.7021575 0.025 0.098499
1 0.0184375 0.4821765 0.036875 0.099437
1 0.0234375 0.5811445 0.046875 0.14352700000000007
1 0.0278125 0.8714820000000001 0.055625 0.15759800000000002
1 0.0484375 0.10788 0.096875 0.15759800000000002
1 0.0496875 0.390713 0.099375 0.190432
1 0.0390625 0.9629455 0.06437499999999999 0.07223299999999999
1 0.066875 0.5478425 0.09875 0.16885499999999998
1 0.07062500000000001 0.8977485000000001 0.09125 0.1613509999999999
1 0.100625 0.688086 0.09 0.17729799999999996
1 0.123125 0.424484 0.12999999999999998 0.18855599999999995
1 0.1225 0.3311445 0.08750000000000001 0.14071299999999998
1 0.1346875 0.9591935 0.11187499999999999 0.07973700000000006
1 0.1309375 0.79409 0.07812500000000001 0.17354599999999998
1 0.14375 0.08864899999999999 0.10375 0.173546
1 0.173125 0.5614445 0.10125 0.137899
1 0.19187500000000002 0.7368665000000001 0.10250000000000001 0.18105099999999996
1 0.1565625 0.6941839999999999 0.02687500000000001 0.02626600000000001
1 0.2415625 0.502345 0.13562500000000002 0.177298
1 0.20500000000000002 0.628518 0.04250000000000001 0.08067599999999997
1 0.205625 0.9695125 0.03875000000000001 0.05909900000000001
1 0.24624999999999997 0.1697935 0.10374999999999998 0.17073100000000002
1 0.23562500000000003 0.369606 0.05750000000000002 0.14446599999999998
1 0.24625 0.9212005 0.06 0.10318899999999998
1 0.2584375 0.6383675 0.081875 0.11538499999999996
1 0.2653125 0.7992495 0.09562499999999999 0.15947499999999992
1 0.2725 0.5600375 0.10500000000000001 0.146341
1 0.276875 0.9493435 0.10874999999999999 0.099437
1 0.2709375 0.706379 0.06687500000000002 0.07879999999999998
1 0.303125 0.32457800000000003 0.11999999999999997 0.21576
1 0.3715625 0.0075045 0.239375 0.015009
1 0.2896875 0.8771105 0.03687499999999999 0.05440899999999993
1 0.3171875 0.47091900000000003 0.04812499999999997 0.08818000000000004
1 0.3390625 0.6777675 0.08437499999999998 0.13414700000000002
1 0.3140625 0.869137 0.02437499999999998 0.09287000000000001
1 0.328125 0.5567545 0.04749999999999999 0.12101299999999993
1 0.351875 0.355066 0.08499999999999996 0.17542199999999997
1 0.35625 0.837242 0.08875 0.20168799999999998
1 0.38375000000000004 0.511257 0.09749999999999998 0.21013199999999993
1 0.3659375 0.6955910000000001 0.05937500000000001 0.09849999999999992
1 0.37375 0.9737335 0.04124999999999995 0.05065699999999995
1 0.4184375 0.227017 0.12062499999999998 0.22326399999999996
1 0.405 0.075516 0.07500000000000001 0.109756
1 0.4234375 0.825985 0.08937500000000004 0.167918
1 0.40375 0.6121015 0.04500000000000004 0.057223000000000024
1 0.4271875 0.742026 0.07187500000000002 0.06941799999999998
1 0.4421875 0.610225 0.08437499999999998 0.11350799999999994
1 0.45 0.8855535 0.09875 0.163227
1 0.4453125 0.2875235 0.08187500000000003 0.12476499999999999
1 0.44156249999999997 0.476548 0.06937500000000002 0.159474
1 0.45625 0.953565 0.08875 0.09099400000000002
1 0.4890625 0.349906 0.13312500000000005 0.23827399999999999
1 0.495 0.5900565 0.05624999999999997 0.07317099999999999
1 0.52625 0.5304880000000001 0.11874999999999997 0.19230800000000003
1 0.49093749999999997 0.630863 0.03312499999999996 0.03470999999999991
1 0.5359375 0.716229 0.11562499999999998 0.17729799999999996
1 0.5696875 0.368668 0.06937499999999996 0.159474
1 0.6018749999999999 0.21529099999999998 0.1137499999999999 0.190432
1 0.609375 0.5651965 0.0987499999999999 0.184803
1 0.6421875 0.7101310000000001 0.10812500000000003 0.15384600000000004
1 0.6671875 0.381801 0.13187500000000008 0.22326400000000002
1 0.6690625 0.532833 0.12812500000000004 0.133208
1 0.7190624999999999 0.325047 0.11062500000000008 0.216698
1 0.7528125 0.697936 0.10812500000000003 0.1575979999999999
1 0.7409375 0.5173544999999999 0.07437499999999997 0.17166899999999996
1 0.7518750000000001 0.9455910000000001 0.06625000000000003 0.10694199999999998
1 0.8084375 0.5239215 0.12937500000000002 0.20356500000000005
1 0.7987500000000001 0.40384600000000004 0.10249999999999992 0.08349000000000001
1 0.8421875000000001 0.2912755 0.11562499999999998 0.184803
1 0.9075 0.413227 0.14125 0.19418399999999997
1 0.9684375000000001 0.196998 0.06187500000000001 0.15009399999999998
