1 0.8046875 0.239421 0.02937499999999993 0.07127000000000003
1 0.8125 0.1458795 0.040000000000000036 0.11135899999999999
1 0.82125 0.34966600000000003 0.04249999999999998 0.08685999999999999
1 0.8162499999999999 0.077394 0.016249999999999987 0.025611999999999996
1 0.839375 0.24276199999999998 0.050000000000000044 0.09131399999999998
1 0.8456250000000001 0.1492205 0.04500000000000004 0.077951
1 0.858125 0.344098 0.04625000000000001 0.09799600000000003
1 0.8740625 0.2383075 0.03437499999999993 0.10022299999999998
1 0.88625 0.1358575 0.05125000000000002 0.09576899999999999
1 0.8925000000000001 0.340757 0.04874999999999996 0.09576800000000002
1 0.90875 0.230512 0.05500000000000005 0.09799599999999997
1 0.919375 0.13474350000000002 0.03874999999999995 0.089087
1 0.9334375 0.33518950000000003 0.04562500000000003 0.097995
1 0.9378124999999999 0.23607999999999998 0.024374999999999925 0.08685999999999999
