1 0.4269585 0.7645504999999999 0.196189 0.18306900000000004
1 0.435427 0.4174605 0.10303400000000001 0.288889
1 0.48553250000000003 0.2613755 0.14114300000000002 0.196825
1 0.5578685 0.4703705 0.15031700000000003 0.286773
1 0.5786875 0.1132275 0.15525699999999998 0.226455
1 0.663726 0.29206350000000003 0.16302000000000005 0.281481
1 0.6803105 0.5761905 0.152435 0.291005
1 0.6930135 0.10899500000000001 0.10162299999999991 0.146032
1 0.7544105 0.0698415 0.08750900000000006 0.139683
1 0.754764 0.166667 0.044459999999999944 0.104762
1 0.813338 0.60582 0.1587860000000001 0.242328
1 0.8623855 0.714286 0.172195 0.26243400000000006
1 0.853564 0.44126999999999994 0.13761400000000001 0.209524
1 0.8493295000000001 0.2137565 0.11079699999999992 0.186243
