1 0.09625 0.47842399999999996 0.05 0.07129399999999997
1 0.20937499999999998 0.4840525 0.056249999999999994 0.07504700000000003
1 0.2825 0.4948405 0.048750000000000016 0.08536499999999997
1 0.309375 0.456379 0.04125000000000001 0.03470999999999996
1 0.32499999999999996 0.38930600000000004 0.03875000000000001 0.08817999999999998
1 0.37187499999999996 0.5004695 0.05499999999999999 0.09662299999999996
1 0.375625 0.35178200000000004 0.04249999999999998 0.08630399999999999
1 0.3846875 0.41181999999999996 0.026874999999999982 0.07317000000000001
1 0.5606249999999999 0.4634145 0.04625000000000001 0.071295
1 0.5809375 0.3630395 0.02562500000000001 0.06754300000000002
1 0.665 0.44090050000000003 0.04749999999999999 0.07692300000000002
1 0.6875 0.52955 0.05624999999999991 0.10787999999999998
1 0.8162499999999999 0.5736399999999999 0.03500000000000003 0.08536599999999994
1 0.8925 0.5515945 0.07374999999999998 0.071295
