1 0.1412335 0.5634144999999999 0.05519500000000001 0.09268299999999996
1 0.204545 0.48292650000000004 0.051947999999999994 0.06829299999999999
1 0.206169 0.3365855 0.042207999999999996 0.07804899999999998
1 0.21590900000000002 0.395122 0.048701999999999995 0.06829199999999996
1 0.246753 0.4682925 0.058441999999999994 0.07804900000000004
1 0.2483765 0.7219515000000001 0.061688999999999994 0.08780500000000002
1 0.24675350000000001 0.34634149999999997 0.04545500000000002 0.07804899999999998
1 0.2662335 0.5536585 0.04545500000000002 0.09268299999999996
1 0.287338 0.3439025 0.04220799999999997 0.063415
1 0.3068185 0.490244 0.048700999999999994 0.07317000000000001
1 0.350649 0.4682925 0.051947999999999994 0.08780499999999997
1 0.3977275 0.695122 0.055194999999999994 0.08292600000000006
1 0.397727 0.40975649999999997 0.04220800000000002 0.08780499999999997
1 0.412338 0.33170750000000004 0.051947999999999994 0.07804899999999998
1 0.43831149999999997 0.6536584999999999 0.05844100000000002 0.08780500000000002
1 0.4366885 0.4292685 0.048700999999999994 0.107317
1 0.4512985 0.502439 0.03896100000000002 0.06829199999999996
1 0.462662 0.3682925 0.04220799999999997 0.063415
1 0.475649 0.7243904999999999 0.06818199999999996 0.07317099999999999
1 0.5194805 0.4585365 0.05194900000000002 0.09756100000000001
1 0.5227269999999999 0.8365855 0.051947999999999994 0.08292699999999997
1 0.542208 0.3219515 0.045453999999999994 0.08780500000000002
1 0.603896 0.8219515 0.051947999999999994 0.07317099999999999
1 0.6201300000000001 0.9390244999999999 0.08441599999999994 0.11219499999999993
1 0.6201300000000001 0.3121955 0.045453999999999994 0.08780500000000002
1 0.6574675000000001 0.45609750000000004 0.048700999999999994 0.102439
1 0.688312 0.32926849999999996 0.051947999999999994 0.09268300000000002
1 0.6931814999999999 0.49512199999999995 0.055194999999999994 0.082926
1 0.7207790000000001 0.4292685 0.045453999999999994 0.09756100000000001
1 0.7337659999999999 0.32926849999999996 0.058441999999999994 0.09268300000000002
1 0.7646105000000001 0.4414635 0.048700999999999994 0.09268300000000002
1 0.7987015 0.4073175 0.04545499999999991 0.09268299999999996
1 0.8019480000000001 0.3195125 0.051947999999999994 0.09268300000000002
1 0.8051945 0.480488 0.03896100000000002 0.05365800000000004
1 0.8441559999999999 0.4292685 0.051947999999999994 0.06829300000000005
1 0.8457790000000001 0.1463415 0.04220799999999991 0.068293
1 0.8457790000000001 0.5048785 0.04220799999999991 0.102439
1 0.8831169999999999 0.1292685 0.058441999999999994 0.06341500000000001
1 0.8766235 0.212195 0.03896100000000002 0.07317000000000001
1 0.918831 0.2756095 0.058441999999999994 0.07317100000000001
1 0.931818 0.5512195 0.051947999999999994 0.06829300000000005
1 0.9334415 0.4780485 0.055194999999999994 0.07804899999999998
1 0.930195 0.6658535 0.04220800000000002 0.063415
1 0.936688 0.617073 0.04220800000000002 0.053657999999999983
1 0.9431814999999999 0.3170735 0.055194999999999994 0.06829299999999999
