0 0.1196875 0.1070835 0.01937499999999999 0.024166999999999994
0 0.13187500000000002 0.065 0.037500000000000006 0.049999999999999996
0 0.1471875 0.23875000000000002 0.019374999999999976 0.022499999999999992
0 0.26875 0.4720835 0.13 0.07583299999999998
0 0.263125 0.29791650000000003 0.04374999999999998 0.02583300000000005
0 0.2590625 0.10625 0.020624999999999977 0.035834000000000005
0 0.28625 0.4841665 0.043749999999999956 0.05166700000000002
0 0.3625 0.2983335 0.12624999999999997 0.16166699999999998
0 0.3521875 0.47833349999999997 0.05687500000000001 0.05333300000000002
0 0.404375 0.41375 0.11499999999999999 0.14083400000000001
0 0.41656249999999995 0.0454165 0.013124999999999998 0.020832999999999997
0 0.51625 0.42666649999999995 0.12375000000000003 0.091667
0 0.5503125 0.46375 0.16437499999999994 0.07250000000000001
0 0.52 0.38625 0.05375000000000002 0.07583400000000001
0 0.5625 0.37416649999999996 0.11375000000000002 0.13833299999999998
0 0.6515625 0.467917 0.05437499999999995 0.04250000000000004
0 0.6909375 0.38125 0.12812500000000004 0.14083399999999996
0 0.7509375 0.453333 0.05687500000000001 0.065
0 0.7634375 0.12125 0.024375000000000036 0.034166000000000016
0 0.8234375 0.4141665 0.10312500000000002 0.10333300000000001
0 0.8300000000000001 0.46625 0.04625000000000001 0.03583400000000003
0 0.8434375000000001 0.3516665 0.045624999999999916 0.05833299999999997
0 0.8621875 0.3129165 0.015625 0.035833000000000004
0 0.9196875 0.4558335 0.06062499999999993 0.06333299999999997
0 0.964375 0.4408335 0.07000000000000006 0.10166700000000001
