0 0.109375 0.514323 0.066406 0.08593800000000001
0 0.1552735 0.4414065 0.06835900000000002 0.05208299999999999
0 0.40185550000000003 0.503906 0.28027300000000005 0.24999999999999994
0 0.3447265 0.33658849999999996 0.12304700000000002 0.11848900000000001
0 0.529785 0.2428385 0.13574199999999997 0.170573
0 0.5566405 0.4003905 0.08398499999999998 0.08203100000000002
0 0.5991215000000001 0.466146 0.05371099999999995 0.06770799999999999
0 0.6557615 0.445964 0.092773 0.03255199999999997
0 0.6728514999999999 0.277344 0.04101499999999991 0.02604200000000001
0 0.7387695000000001 0.15625 0.038085000000000035 0.04166599999999998
0 0.78125 0.684896 0.05273400000000006 0.05989600000000006
