0 0.181303 0.9184375 0.217186 0.161875
0 0.2511805 0.7146874999999999 0.06232299999999999 0.11312500000000003
0 0.338999 0.41218750000000004 0.10764799999999997 0.19187500000000007
0 0.621813 0.6171875 0.36355 0.580625
0 0.532578 0.8996875 0.12464600000000003 0.12812500000000004
0 0.629367 0.7793749999999999 0.06515599999999999 0.15374999999999994
0 0.786591 0.77625 0.315392 0.3162499999999999
0 0.872049 0.3309375 0.20868799999999998 0.3943749999999999
0 0.936733 0.8065625000000001 0.06421200000000005 0.09562499999999996
0 0.9518415 0.830625 0.0944290000000001 0.11625000000000008
