0 0.16906249999999998 0.8322335 0.320625 0.333647
0 0.2028125 0.1583415 0.06062500000000001 0.09048100000000002
0 0.284375 0.44062250000000003 0.2125 0.19509899999999997
0 0.52 0.3195095 0.14875 0.12441100000000005
0 0.5846875 0.5108385 0.226875 0.14326100000000003
0 0.6359375 0.4316685 0.13187500000000008 0.14703099999999997
0 0.6340625 0.64279 0.04562500000000003 0.07162999999999997
0 0.7037500000000001 0.650801 0.04749999999999999 0.06691800000000003
0 0.854375 0.5862395 0.0462499999999999 0.050895000000000024
0 0.9003125 0.2483505 0.07687500000000003 0.115929
0 0.901875 0.614043 0.03875000000000006 0.048068
