0 0.146875 0.5845830000000001 0.16999999999999998 0.15249999999999997
0 0.1759375 0.5620835 0.073125 0.07083300000000003
0 0.2353125 0.48125 0.043125000000000024 0.03583400000000003
0 0.22843750000000002 0.06625 0.020624999999999977 0.04583399999999999
0 0.2953125 0.26249999999999996 0.030624999999999958 0.02166600000000002
0 0.39749999999999996 0.2291665 0.07500000000000001 0.04833299999999999
0 0.42593749999999997 0.5458335000000001 0.030624999999999958 0.031667
0 0.5859375 0.37625 0.255625 0.10916600000000004
0 0.5359375 0.5129165 0.018125000000000058 0.0208330000000001
0 0.5609375 0.6029169999999999 0.026874999999999982 0.02749999999999997
0 0.5809375 0.5375000000000001 0.06437500000000007 0.04833399999999999
0 0.6065625 0.582917 0.059374999999999956 0.04249999999999998
0 0.66875 0.2883335 0.16499999999999992 0.04333300000000001
0 0.653125 0.5279165 0.06500000000000006 0.03916699999999995
0 0.66875 0.1904165 0.026249999999999996 0.025833000000000023
0 0.7196875 0.5562499999999999 0.026874999999999982 0.03749999999999998
0 0.7940625 0.4254165 0.046875 0.034167
0 0.82375 0.498333 0.010000000000000009 0.014999999999999958
0 0.8978125 0.296667 0.11687500000000006 0.09000000000000002
