0 0.0737875 0.44375 0.063247 0.04999999999999999
0 0.103654 0.564375 0.045677999999999996 0.06125000000000003
0 0.1430075 0.641875 0.04848900000000002 0.06000000000000005
0 0.19571349999999998 0.8065625 0.076599 0.05812499999999998
0 0.4212935 0.7050000000000001 0.42796900000000004 0.31625000000000003
0 0.2737175 0.8196875 0.10189700000000002 0.05687500000000001
0 0.3619115 0.78625 0.15881900000000004 0.1499999999999999
0 0.46556549999999997 0.3575 0.24806699999999998 0.18125000000000002
0 0.6482785 0.6471875 0.12860099999999997 0.11062499999999997
0 0.695362 0.7959375 0.14968400000000004 0.14187499999999997
0 0.7470135 0.17375000000000002 0.11103299999999994 0.145
0 0.81026 0.494375 0.21503800000000006 0.09250000000000003
0 0.8285315 0.8203125 0.13211499999999998 0.08187499999999992
