1 0.0290625 0.5835835 0.058125 0.32432500000000003
1 0.0790625 0.174174 0.158125 0.348348
1 0.1309375 0.8983985 0.261875 0.20120099999999996
1 0.1275 0.3913915 0.2175 0.332333
1 0.19624999999999998 0.665165 0.25 0.38738800000000007
1 0.155625 0.0465465 0.10500000000000001 0.093093
1 0.2840625 0.1516515 0.22562499999999996 0.303303
1 0.36031250000000004 0.8753755 0.221875 0.247247
1 0.3878125 0.4134135 0.266875 0.42642700000000006
1 0.5409375 0.1676675 0.221875 0.335335
1 0.563125 0.6996995 0.2537499999999999 0.40440499999999996
1 0.45999999999999996 0.024024 0.034999999999999976 0.048048
1 0.6118750000000001 0.9229229999999999 0.27125000000000005 0.15215199999999995
1 0.6509375 0.40740750000000003 0.23187499999999994 0.35635700000000003
1 0.765625 0.177177 0.23625000000000007 0.354354
1 0.8356250000000001 0.607107 0.25250000000000006 0.371372
1 0.8540625 0.8768769999999999 0.25312499999999993 0.24424400000000002
1 0.910625 0.344845 0.1775 0.38338400000000006
