1 0.10234399999999999 0.395312 0.029688000000000006 0.03125
1 0.1382815 0.395312 0.029687000000000005 0.03125
1 0.2015625 0.309375 0.03750100000000001 0.03749999999999998
1 0.35 0.357812 0.10625000000000001 0.09375
1 0.338281 0.2828125 0.026561999999999975 0.03437499999999999
1 0.365625 0.27656250000000004 0.024999999999999967 0.02812500000000001
1 0.5796875 0.28593749999999996 0.02500100000000005 0.03437499999999999
1 0.5914065 0.360937 0.029686999999999908 0.03749999999999998
1 0.739844 0.271094 0.020311999999999997 0.020311999999999997
1 0.7648440000000001 0.2757815 0.02343799999999996 0.02968700000000002
1 0.792969 0.2757815 0.026561999999999975 0.02968700000000002
