1 0.0484375 0.475 0.013124999999999998 0.014999999999999958
1 0.061875 0.47250000000000003 0.022499999999999992 0.009999999999999953
1 0.0625 0.39375000000000004 0.023749999999999993 0.02250000000000002
1 0.06 0.3991665 0.015000000000000006 0.00833299999999998
1 0.4909375 0.4129165 0.018125000000000002 0.025832999999999995
1 0.5134375 0.417917 0.016874999999999973 0.02250000000000002
1 0.5134375 0.4508335 0.016874999999999973 0.011666999999999983
1 0.5159374999999999 0.4379165 0.014374999999999916 0.02083299999999999
1 0.5296875 0.46041699999999997 0.018124999999999947 0.017500000000000016
1 0.5496875 0.440417 0.01187500000000008 0.022499999999999964
1 0.8259375 0.587083 0.09687500000000004 0.1725
