0 0.19625 0.492467 0.03875000000000001 0.11111200000000004
0 0.1978125 0.658663 0.041874999999999996 0.040489999999999915
0 0.31062500000000004 0.7019775 0.013749999999999984 0.023541000000000034
0 0.3515625 0.1869115 0.014375000000000027 0.03483900000000001
0 0.36375 0.875706 0.012500000000000011 0.01883199999999996
0 0.37593750000000004 0.881356 0.014374999999999971 0.022598000000000007
0 0.38656250000000003 0.4637475 0.03562499999999996 0.036723000000000006
0 0.4625 0.78484 0.058750000000000024 0.108286
0 0.4565625 0.561205 0.014374999999999971 0.015065999999999913
0 0.7525 0.717514 0.05999999999999994 0.09981200000000001
0 0.9503125 0.6892655 0.07687500000000003 0.20715700000000004
