1 0.0290625 0.0483115 0.058125 0.096623
1 0.11875 0.23170749999999998 0.2375 0.290807
1 0.08625 0.46529050000000005 0.17125 0.29643500000000006
1 0.14250000000000002 0.076923 0.22 0.153846
1 0.2340625 0.3574105 0.183125 0.38086300000000006
1 0.1709375 0.5295495 0.02562500000000001 0.029080999999999912
1 0.2671875 0.5056285 0.18062499999999998 0.29643500000000006
1 0.3278125 0.1261725 0.188125 0.252345
1 0.25968749999999996 0.031895 0.03437499999999999 0.06379
1 0.399375 0.31144499999999997 0.1725 0.285178
1 0.4184375 0.0825515 0.080625 0.165103
