1 0.176875 0.3132585 0.065 0.11858099999999999
1 0.1725 0.49906649999999997 0.05374999999999999 0.11111099999999996
1 0.17625000000000002 0.2460315 0.056249999999999994 0.060690999999999995
1 0.19187500000000002 0.451447 0.056249999999999994 0.10924400000000001
1 0.208125 0.3744165 0.05875 0.08776899999999999
1 0.220625 0.544818 0.06 0.12231599999999998
1 0.9875 0.464519 0.02375000000000005 0.09057000000000004
1 0.98875 0.3006535 0.02124999999999999 0.07843099999999997
1 0.9959375 0.1960785 0.0068749999999999645 0.06162500000000001
1 0.9965625 0.36461299999999996 0.005624999999999991 0.03828199999999998
