1 0.5131249999999999 0.54 0.16624999999999995 0.40833400000000003
1 0.55125 0.26625 0.22249999999999998 0.235834
1 0.65375 0.2183335 0.04749999999999999 0.05166699999999999
1 0.6771875 0.156667 0.045624999999999916 0.044999999999999984
1 0.6825 0.19708350000000002 0.04249999999999998 0.05416699999999999
1 0.705625 0.2416665 0.04749999999999999 0.063333
1 0.7171875000000001 0.14875 0.03187499999999999 0.0325
1 0.723125 0.18083349999999998 0.043749999999999956 0.061667
1 0.7481249999999999 0.11375 0.03500000000000003 0.027499999999999997
1 0.7525 0.14916649999999998 0.036250000000000004 0.05333299999999999
1 0.768125 0.213333 0.04625000000000001 0.065
1 0.7796875 0.1695835 0.023125000000000062 0.035833000000000004
1 0.7959375 0.135 0.05062500000000003 0.06333400000000002
1 0.8134375 0.2058335 0.051875000000000004 0.063333
1 0.8153125 0.140833 0.03687499999999999 0.05500000000000001
1 0.830625 0.16791650000000002 0.04500000000000004 0.060833
1 0.85625 0.12708350000000002 0.04125000000000001 0.069167
1 0.863125 0.205 0.04249999999999998 0.065
1 0.8812500000000001 0.0945835 0.03749999999999998 0.069167
1 0.8953125 0.1625 0.05312499999999998 0.066666
1 0.9393750000000001 0.565 0.12 0.255
1 0.9140625 0.20416649999999997 0.04937499999999995 0.063333
1 0.9178124999999999 0.272083 0.05437499999999995 0.06250000000000003
1 0.9196875 0.38125 0.055625000000000036 0.03916599999999998
1 0.9228125 0.330417 0.05812499999999998 0.07250000000000001
1 0.915 0.42625 0.040000000000000036 0.060834
1 0.9103125000000001 0.10250000000000001 0.020625000000000004 0.05
1 0.9296875 0.12625 0.04937499999999995 0.080834
1 0.943125 0.24125000000000002 0.06624999999999992 0.07583399999999998
1 0.9509375 0.41916699999999996 0.05062499999999992 0.07
1 0.9684375000000001 0.2866665 0.04937500000000006 0.06666700000000003
1 0.9734375 0.36083299999999996 0.051875000000000004 0.09500000000000003
1 0.9768749999999999 0.10333350000000001 0.04500000000000004 0.068333
