1 0.17375000000000002 0.625 0.11374999999999999 0.20666600000000002
1 0.2515625 0.3566665 0.18562499999999998 0.251667
1 0.2321875 0.535417 0.10562499999999997 0.1825
1 0.2709375 0.6233335 0.03312499999999996 0.161667
1 0.33999999999999997 0.5429165 0.16624999999999995 0.49083299999999996
1 0.46125 0.35124999999999995 0.07125000000000004 0.1375
1 0.59375 0.48541650000000003 0.3025 0.495833
1 0.5121875 0.6812499999999999 0.09312499999999996 0.129166
1 0.5918749999999999 0.4475 0.09124999999999994 0.14500000000000002
1 0.6009375 0.55625 0.06062499999999993 0.08250000000000002
1 0.74875 0.5762499999999999 0.036250000000000004 0.08750000000000002
1 0.7475 0.515 0.01749999999999996 0.04166599999999998
1 0.768125 0.5654170000000001 0.03375000000000006 0.0724999999999999
