1 0.0378125 0.0566665 0.070625 0.113333
1 0.08906249999999999 0.09999999999999999 0.07812499999999999 0.091112
1 0.130625 0.068889 0.10750000000000001 0.137778
1 0.115625 0.007778 0.065 0.015556
1 0.1925 0.132778 0.08875 0.147778
1 0.2278125 0.0416665 0.09687499999999999 0.083333
1 0.2265625 0.1655555 0.074375 0.164445
1 0.2834375 0.1055555 0.078125 0.162223
1 0.28625 0.012222 0.03500000000000003 0.024444
1 0.3103125 0.1872225 0.075625 0.13888899999999998
1 0.3109375 0.252222 0.07437500000000002 0.07777800000000001
1 0.33343750000000005 0.057778 0.075625 0.115556
1 0.3734375 0.14277800000000002 0.080625 0.145556
1 0.38093750000000004 0.223889 0.06562499999999999 0.11222200000000002
1 0.3821875 0.2883335 0.06562499999999999 0.06333300000000003
1 0.39437500000000003 0.0805555 0.07124999999999998 0.143333
1 0.37406249999999996 0.9822225 0.018125000000000002 0.03333300000000006
1 0.3765625 0.035 0.015625 0.07
1 0.3871875 0.951667 0.01687500000000003 0.02777799999999997
1 0.388125 0.9344445 0.012499999999999956 0.02444500000000005
1 0.4034375 0.30000000000000004 0.04062500000000002 0.06
1 0.391875 0.98 0.014999999999999958 0.03777799999999998
1 0.40093749999999995 0.8905555 0.013124999999999998 0.032223
1 0.4046875 0.9038889999999999 0.020625000000000004 0.032222000000000084
1 0.40593749999999995 0.9316665 0.018125000000000002 0.043332999999999955
1 0.4275 0.17833349999999998 0.05625000000000002 0.121111
1 0.4134375 0.8838885000000001 0.02562500000000001 0.04111100000000001
1 0.4134375 0.9672225000000001 0.020625000000000004 0.04111100000000001
1 0.41031249999999997 0.8394444999999999 0.011875000000000024 0.03444499999999995
1 0.416875 0.9866665 0.02124999999999999 0.02444500000000005
1 0.4215625 0.346667 0.030625000000000013 0.057777999999999996
1 0.4246875 0.923889 0.026874999999999982 0.043333999999999984
1 0.443125 0.2566665 0.06125000000000003 0.091111
1 0.421875 0.815 0.01375000000000004 0.036665999999999976
1 0.439375 0.3366665 0.04125000000000001 0.07333300000000004
1 0.4303125 0.8561110000000001 0.020625000000000004 0.04555600000000004
1 0.4265625 0.7594445000000001 0.010624999999999996 0.03444499999999995
1 0.4284375 0.7833335 0.011875000000000024 0.008888999999999925
1 0.4328125 0.9494445 0.020625000000000004 0.04111100000000001
1 0.4353125 0.802778 0.023125000000000007 0.04777799999999999
1 0.45125 0.12 0.04749999999999999 0.09111200000000001
1 0.43781250000000005 0.8927775 0.018125000000000002 0.036667000000000005
1 0.45125 0.31166649999999996 0.04249999999999998 0.05444500000000002
1 0.440625 0.7105554999999999 0.015000000000000013 0.04111100000000001
1 0.44125000000000003 0.728889 0.013749999999999984 0.022221999999999964
1 0.44375 0.7616665 0.01874999999999999 0.03888899999999995
1 0.4465625 0.8394444999999999 0.021875000000000033 0.04777700000000007
1 0.4546875 0.42055549999999997 0.03812500000000002 0.03888900000000001
1 0.446875 0.907222 0.017500000000000016 0.03444400000000003
1 0.4540625 0.3983335 0.03187499999999999 0.04333300000000001
1 0.448125 0.7061115 0.015000000000000013 0.0411109999999999
1 0.4553125 0.8638889999999999 0.021874999999999978 0.04777799999999999
1 0.4515625 0.635 0.011875000000000024 0.05222199999999999
1 0.471875 0.20222249999999997 0.04749999999999999 0.10888899999999999
1 0.4621875 0.751667 0.025624999999999953 0.05222199999999999
1 0.468125 0.4627775 0.03749999999999998 0.06333299999999997
1 0.470625 0.38 0.04249999999999998 0.07111200000000001
1 0.4603125 0.6894445 0.019374999999999976 0.03888899999999995
1 0.4634375 0.573889 0.02562500000000001 0.04555599999999993
1 0.45843750000000005 0.523889 0.013124999999999998 0.052222000000000046
1 0.45906250000000004 0.6383335 0.014374999999999971 0.0411109999999999
1 0.4596875 0.602222 0.015625 0.01777799999999996
1 0.46687500000000004 0.513889 0.01874999999999999 0.045555999999999985
1 0.470625 0.8266665 0.02124999999999999 0.031111
1 0.485 0.3333335 0.04750000000000004 0.07333299999999998
1 0.4740625 0.725 0.020625000000000004 0.050000000000000044
1 0.4784375 0.7822225 0.026874999999999982 0.053332999999999964
1 0.48031250000000003 0.625 0.030624999999999958 0.05888800000000005
1 0.4765625 0.14277800000000002 0.020625000000000004 0.04555600000000001
1 0.47843749999999996 0.6772225000000001 0.02437499999999998 0.04111100000000001
1 0.4846875 0.453889 0.03437499999999993 0.04999999999999999
1 0.48343749999999996 0.25444449999999996 0.029374999999999984 0.086667
1 0.4840625 0.515 0.02562500000000001 0.045555999999999985
1 0.494375 0.4194445 0.04125000000000001 0.054444999999999966
1 0.49031250000000004 0.556111 0.02812500000000001 0.05222199999999999
1 0.48968749999999994 0.7383335 0.02437499999999998 0.04555500000000001
1 0.4921875 0.6950000000000001 0.029374999999999984 0.04555600000000004
1 0.494375 0.6527775 0.028750000000000053 0.043333000000000066
1 0.495 0.608333 0.030000000000000027 0.05222199999999999
1 0.5034375 0.49944449999999996 0.033125000000000016 0.04333300000000001
1 0.5078125 0.3722225 0.03687499999999999 0.06888899999999998
1 0.5053125 0.23500000000000001 0.021874999999999978 0.07444400000000001
1 0.5096875000000001 0.31 0.028125000000000067 0.07555599999999996
1 0.5121875 0.5433330000000001 0.02562500000000001 0.039999999999999925
1 0.5121875 0.577222 0.02562500000000001 0.03222199999999997
1 0.5153125000000001 0.45611100000000004 0.02937500000000004 0.05444399999999999
1 0.5162500000000001 0.6127775 0.015000000000000013 0.03888899999999995
1 0.515625 0.6533335 0.011249999999999982 0.03333300000000006
1 0.5265625 0.406111 0.028125000000000067 0.056665999999999994
1 0.5253125000000001 0.2794445 0.02312499999999995 0.06333300000000003
1 0.5271874999999999 0.49722200000000005 0.01937500000000003 0.052222000000000046
1 0.5321875 0.348889 0.01937500000000003 0.07333400000000001
1 0.528125 0.5694440000000001 0.008749999999999925 0.029999999999999916
1 0.5359375 0.532778 0.01937500000000003 0.04777799999999999
1 0.5371875 0.4455555 0.014375000000000027 0.04222300000000001
1 0.540625 0.3844445 0.010000000000000009 0.026666999999999996
1 0.54125 0.478333 0.008750000000000036 0.02777799999999997
