0 0.0275 0.7354594999999999 0.055 0.08067499999999994
0 0.1509375 0.6013135000000001 0.301875 0.14634099999999994
0 0.0490625 0.06379 0.059375 0.07317000000000001
0 0.1265625 0.6965295 0.033125 0.032833
0 0.24312499999999998 0.8527205 0.046249999999999986 0.15384700000000007
0 0.5346875 0.803471 0.629375 0.272984
0 0.46875 0.48592900000000006 0.42500000000000004 0.084428
0 0.6065625 0.21576 0.629375 0.174484
0 0.5021875 0.6730769999999999 0.23562499999999997 0.12476600000000004
0 0.8853125 0.5703564999999999 0.22812500000000002 0.05816100000000002
0 0.9703125 0.826923 0.026874999999999982 0.03658600000000001
