1 0.0015625 0.155417 0.003125 0.03249999999999997
1 0.0040625 0.1958335 0.008125 0.04166700000000001
1 0.03875 0.9633335000000001 0.0775 0.07166700000000004
1 0.0159375 0.4820835 0.020624999999999998 0.07583300000000004
1 0.048437499999999994 0.164167 0.023125 0.04999999999999999
1 0.061875 0.20708349999999998 0.049999999999999996 0.064167
1 0.0703125 0.47875 0.035625 0.04416599999999998
1 0.0703125 0.5529165 0.035625 0.04083300000000001
1 0.074375 0.225 0.03625 0.065
1 0.0728125 0.438333 0.02562500000000001 0.02999999999999997
1 0.06625 0.50625 0.007500000000000007 0.017500000000000016
1 0.0825 0.39833300000000005 0.035 0.04999999999999999
1 0.08125 0.165 0.03 0.058334
1 0.0753125 0.520833 0.015625 0.04999999999999999
1 0.0784375 0.3566665 0.01937499999999999 0.036667000000000005
1 0.08625 0.31791650000000005 0.03249999999999999 0.04416700000000001
1 0.094375 0.2525 0.04250000000000001 0.061666
1 0.104375 0.2854165 0.044999999999999984 0.04083300000000001
1 0.1 0.4416665 0.03375 0.05166700000000002
1 0.099375 0.1391665 0.03 0.05833300000000001
1 0.100625 0.36083299999999996 0.0325 0.05499999999999999
1 0.116875 0.5070835 0.065 0.090833
1 0.11156250000000001 0.19208350000000002 0.046875000000000014 0.069167
1 0.126875 0.5883335 0.0775 0.10833300000000001
1 0.12187500000000001 0.4016665 0.03625000000000002 0.046667000000000014
1 0.116875 0.3316665 0.009999999999999995 0.013332999999999984
1 0.13093749999999998 0.41000000000000003 0.030624999999999986 0.04666600000000004
1 0.138125 0.243333 0.039999999999999994 0.06
1 0.13999999999999999 0.35666699999999996 0.041249999999999995 0.05499999999999999
1 0.14125 0.30125 0.04375 0.0625
1 0.1375 0.4495835 0.033750000000000016 0.04083299999999995
1 0.1271875 0.14625 0.01062500000000001 0.025833999999999996
1 0.13375 0.13124999999999998 0.0050000000000000044 0.022499999999999992
1 0.14218750000000002 0.1620835 0.019375000000000003 0.015833000000000014
1 0.1646875 0.54 0.06437499999999999 0.11500000000000005
1 0.15375 0.1441665 0.03999999999999998 0.048333000000000015
1 0.14250000000000002 0.19166650000000002 0.009999999999999981 0.04333299999999998
1 0.163125 0.4641665 0.04375000000000001 0.021666999999999992
1 0.1575 0.23625 0.025000000000000022 0.03916599999999998
1 0.1634375 0.1925 0.02562499999999998 0.04833399999999999
1 0.1621875 0.370417 0.018125000000000002 0.03749999999999998
1 0.17375000000000002 0.27208350000000003 0.03624999999999998 0.06916700000000003
1 0.19187500000000002 0.52625 0.07249999999999998 0.125834
1 0.176875 0.3245835 0.037500000000000006 0.06416700000000003
1 0.18593749999999998 0.37916649999999996 0.045625 0.058333000000000024
1 0.1890625 0.425417 0.046875 0.04749999999999999
1 0.2146875 0.3358335 0.05687500000000001 0.06833299999999998
1 0.20906249999999998 0.3016665 0.021875000000000006 0.0066669999999999785
1 0.224375 0.40625 0.04000000000000001 0.06583399999999995
1 0.229375 0.45999999999999996 0.04374999999999998 0.05499999999999999
1 0.2459375 0.36083299999999996 0.023125000000000007 0.04999999999999999
1 0.2634375 0.4166665 0.03187499999999999 0.05166700000000002
1 0.269375 0.45875 0.036250000000000004 0.025834000000000024
1 0.2846875 0.4408335 0.020625000000000004 0.038333000000000006
1 0.8340625 0.927917 0.130625 0.14250000000000007
