1 0.4809375 0.3622305 0.11437499999999995 0.18650500000000003
1 0.701875 0.4695405 0.04125000000000001 0.093721
1 0.7268749999999999 0.38753550000000003 0.04250000000000009 0.10028100000000001
1 0.7284375000000001 0.47047799999999995 0.02937500000000004 0.09559599999999996
1 0.7909375000000001 0.10075 0.12437500000000001 0.2015
1 0.7465625 0.42361800000000005 0.020625000000000004 0.06373000000000001
1 0.8371875 0.196345 0.12437500000000001 0.25585800000000003
1 0.9071875 0.394564 0.028125000000000067 0.056232000000000004
1 0.9178124999999999 0.43861300000000003 0.02937500000000004 0.06373000000000001
1 0.9390625 0.4376755 0.023125000000000062 0.05810700000000002
