0 0.0275 0.869137 0.055 0.06097600000000003
0 0.06125 0.467167 0.09625 0.14634199999999997
0 0.0465625 0.336304 0.035625000000000004 0.030955999999999984
0 0.0990625 0.8625700000000001 0.09187499999999998 0.19418400000000002
0 0.164375 0.436679 0.09874999999999999 0.199812
0 0.20406249999999998 0.7626645 0.079375 0.15947500000000003
0 0.1796875 0.90197 0.023125000000000007 0.027204000000000006
0 0.2009375 0.903846 0.019375000000000003 0.02345200000000003
0 0.2240625 0.899156 0.026874999999999982 0.025328000000000017
0 0.24312499999999998 0.9038459999999999 0.013750000000000012 0.015947999999999962
0 0.2578125 0.899156 0.018124999999999974 0.025328000000000017
0 0.2834375 0.6941835000000001 0.06937499999999999 0.14258899999999997
0 0.28312499999999996 0.370544 0.04999999999999999 0.15197
0 0.2821875 0.8944654999999999 0.015625 0.027205000000000035
0 0.3121875 0.892589 0.016874999999999973 0.02345200000000003
0 0.32875 0.607411 0.04999999999999999 0.10787999999999998
0 0.3340625 0.21998099999999998 0.026874999999999982 0.04033800000000001
0 0.3871875 0.1214825 0.030625000000000013 0.03470899999999999
0 0.39375 0.39587249999999996 0.036250000000000004 0.07692300000000002
0 0.4403125 0.25656650000000003 0.01937500000000003 0.02532899999999999
0 0.5025 0.09709200000000001 0.03375000000000006 0.040338
0 0.5371874999999999 0.6796435000000001 0.028125000000000067 0.040336999999999956
0 0.7737499999999999 0.9202625 0.15000000000000002 0.09756100000000001
0 0.7171875 0.14587250000000002 0.026874999999999982 0.030956999999999985
0 0.7440625 0.3020635 0.05812499999999998 0.161351
0 0.776875 0.5520635 0.10250000000000004 0.25046899999999994
0 0.7753125000000001 0.3738275 0.08437499999999998 0.182927
0 0.811875 0.6355535 0.06000000000000005 0.12101300000000004
0 0.834375 0.744841 0.053749999999999964 0.15196999999999994
0 0.9137500000000001 0.914165 0.16374999999999995 0.10975599999999996
