0 0.1226565 0.5510415 0.009375000000000008 0.02083299999999999
0 0.227734 0.1421875 0.11484400000000003 0.10312500000000001
0 0.239453 0.984896 0.019531999999999994 0.02604200000000001
0 0.2691405 0.49375 0.013280999999999987 0.02083400000000002
0 0.4199215 0.3729165 0.200781 0.197917
0 0.3628905 0.9729165 0.010156999999999972 0.02083299999999999
0 0.44921849999999997 0.378646 0.17812500000000003 0.244792
0 0.3933595 0.7859375 0.01171899999999998 0.023958999999999953
0 0.633594 0.2947915 0.043749999999999956 0.05208299999999999
0 0.6609375 0.672396 0.015625 0.02604200000000001
0 0.6765625 0.4114585 0.015625 0.022916999999999965
0 0.7558594999999999 0.6041665 0.169531 0.24166699999999997
0 0.7363284999999999 0.3708335 0.013280999999999987 0.02083299999999999
0 0.7523435 0.7005205 0.015625 0.028124999999999956
0 0.778125 0.8953125 0.010938000000000003 0.017709000000000086
0 0.7878905 0.549479 0.011718999999999924 0.017707999999999946
0 0.8101565 0.494792 0.021874999999999978 0.018750000000000044
0 0.884375 0.5421875 0.01718799999999998 0.02604099999999998
0 0.932422 0.371354 0.02265600000000001 0.03645799999999999
