1 0.1359375 0.9179165 0.011874999999999997 0.025832999999999995
1 0.23781249999999998 0.474167 0.03187499999999999 0.04500000000000004
1 0.30375 0.382083 0.016249999999999987 0.02749999999999997
1 0.3109375 0.2795835 0.023125000000000007 0.03916700000000001
1 0.4609375 0.3408335 0.02562500000000001 0.031667
1 0.4859375 0.6854169999999999 0.029374999999999984 0.04250000000000009
1 0.5909375 0.2654165 0.030624999999999902 0.04583300000000001
1 0.6121875 0.9125000000000001 0.0318750000000001 0.056665999999999994
1 0.8200000000000001 0.805 0.03749999999999998 0.05166599999999999
1 0.8596874999999999 0.5041665 0.05937500000000007 0.08166700000000005
