1 0.075781 0.83368 0.151562 0.24116400000000004
1 0.1164065 0.9095635 0.06406299999999998 0.08939700000000006
1 0.203906 0.83368 0.15156200000000003 0.261954
1 0.155469 0.9199585 0.051562 0.11434499999999992
1 0.23828149999999998 0.9553015 0.12968699999999997 0.08523899999999995
1 0.320312 0.8201665 0.15 0.27234899999999995
1 0.30625 0.9428274999999999 0.05624999999999997 0.07692299999999996
1 0.5390630000000001 0.325364 0.45000000000000007 0.650728
1 0.44218749999999996 0.7993764999999999 0.221875 0.347193
1 0.4101565 0.9615385000000001 0.089063 0.060290999999999983
1 0.494531 0.9625779999999999 0.05468799999999996 0.07068599999999992
1 0.613281 0.910603 0.18593800000000005 0.1746359999999999
1 0.727344 0.7588360000000001 0.276562 0.378378
1 0.8289059999999999 0.9397089999999999 0.12343800000000005 0.11642399999999997
1 0.875 0.850312 0.11250000000000004 0.09979199999999999
1 0.935938 0.9324325 0.125 0.1309769999999999
