1 0.115625 0.274479 0.23125 0.548958
1 0.0496095 0.4984375 0.08515700000000001 0.11770900000000001
1 0.185547 0.6229165 0.228906 0.335417
1 0.1210935 0.7239585 0.084375 0.15833299999999995
1 0.21015650000000002 0.4515625 0.020312999999999998 0.026041000000000036
1 0.2992185 0.7859375 0.10312500000000002 0.09687499999999993
1 0.26953150000000003 0.7536455 0.014062999999999992 0.015625
1 0.3328125 0.7041664999999999 0.012500999999999984 0.02083299999999999
1 0.3757815 0.4708335 0.09687499999999999 0.14583299999999993
1 0.3964845 0.7380205 0.099219 0.16562500000000002
1 0.4972655 0.6276045 0.05078100000000002 0.078125
1 0.5328125 0.547917 0.07187499999999997 0.11249999999999999
1 0.557422 0.7520835 0.07109399999999999 0.13333299999999992
1 0.6089845 0.7166665000000001 0.13046900000000006 0.197917
1 0.612109 0.5984375 0.058594000000000035 0.05520899999999995
1 0.6031245 0.17604150000000002 0.015625 0.020833000000000018
1 0.697656 0.7333335000000001 0.09375 0.145833
1 0.8574219999999999 0.718229 0.09609400000000001 0.13854199999999994
1 0.9003909999999999 0.5947915 0.127344 0.19166700000000003
