1 0.00875 0.34572 0.0175 0.04609599999999997
1 0.010625 0.086077 0.02125 0.14393199999999998
1 0.013125 0.2568205 0.02625 0.146755
1 0.1278125 0.1787395 0.08187500000000002 0.080903
1 0.1534375 0.0682035 0.08437499999999999 0.12699899999999997
1 0.1465625 0.247413 0.04437500000000001 0.08278399999999997
1 0.1784375 0.11947350000000001 0.06312499999999999 0.10159900000000001
1 0.2259375 0.124177 0.04187500000000002 0.08466599999999999
1 0.52625 0.419097 0.10749999999999998 0.18908800000000003
1 0.5303125 0.269991 0.08937499999999998 0.10536200000000001
1 0.55125 0.3316085 0.013749999999999929 0.03292500000000004
1 0.6025 0.341486 0.09375 0.148636
1 0.5825 0.2455315 0.04875000000000007 0.06585100000000002
