1 0.090282 0.2091265 0.076822 0.07550899999999999
1 0.169074 0.2485225 0.080762 0.07550899999999999
1 0.1887725 0.3220615 0.07550899999999999 0.07550900000000005
1 0.261983 0.3745895 0.078792 0.08207500000000001
1 0.3315825 0.36572550000000004 0.08404500000000004 0.09192300000000003
1 0.4116875 0.402495 0.10111700000000001 0.12475400000000003
1 0.5203545 0.471766 0.09914699999999999 0.122784
1 0.662508 0.560735 0.11687399999999992 0.14051199999999997
1 0.7344055 0.43007249999999997 0.04267900000000002 0.051214999999999955
1 0.7856205 0.4737365 0.049245000000000094 0.055811000000000055
1 0.8361784999999999 0.5567955 0.041364999999999985 0.040709000000000106
1 0.9182535000000001 0.674327 0.04793100000000006 0.04464800000000002
1 0.9845695 0.722587 0.02954699999999999 0.05843799999999999
