1 0.044375 0.0820895 0.08875 0.149253
1 0.08 0.0186565 0.04250000000000001 0.037313
1 0.108125 0.0876865 0.07375 0.10074699999999999
1 0.134375 0.14738800000000002 0.08374999999999999 0.126866
1 0.11625 0.022388 0.037500000000000006 0.044776
1 0.175625 0.0475745 0.10125 0.095149
1 0.38875 0.022388 0.08250000000000002 0.044776
1 0.47125000000000006 0.010261 0.07500000000000001 0.020522
1 0.50375 0.2080225 0.09749999999999998 0.23694099999999996
1 0.5181250000000001 0.6063434999999999 0.08375000000000005 0.15298500000000004
1 0.53625 0.3787315 0.07000000000000006 0.14552299999999996
1 0.5525 0.078358 0.08250000000000002 0.156716
1 0.81625 0.2705225 0.0625 0.100747
1 0.8775 0.19029849999999998 0.07500000000000007 0.11940300000000001
1 0.8731249999999999 0.25186549999999996 0.04625000000000001 0.07089499999999999
1 0.926875 0.267724 0.09375 0.11007400000000003
