1 0.012748 0.7971874999999999 0.025496 0.04437499999999994
1 0.030217 0.7940625 0.050991999999999996 0.04437500000000005
1 0.0571295 0.8046875 0.023606999999999996 0.02562500000000001
1 0.092068 0.7903125 0.08781799999999998 0.05437499999999995
1 0.158168 0.7903125 0.074598 0.04812499999999997
1 0.207271 0.7603125 0.10103800000000002 0.04937500000000006
1 0.2275735 0.7940625 0.06987700000000002 0.04437500000000005
1 0.2856465 0.791875 0.08215299999999998 0.05125000000000002
1 0.349386 0.79375 0.08498599999999995 0.04749999999999999
1 0.385269 0.8025 0.033994000000000024 0.02750000000000008
1 0.44711999999999996 0.79375 0.04438199999999998 0.05500000000000005
1 0.483475 0.7887500000000001 0.06987800000000005 0.061249999999999916
1 0.6057604999999999 0.7921875 0.036827000000000054 0.06187500000000001
1 0.697828 0.7962499999999999 0.02832799999999991 0.04625000000000001
1 0.7412654999999999 0.795625 0.07554300000000003 0.04749999999999999
1 0.8073655 0.7946875 0.07743099999999992 0.05312500000000009
1 0.855996 0.760625 0.07271000000000005 0.0462499999999999
1 0.887158 0.7971874999999999 0.07271000000000005 0.048125000000000084
1 0.9575070000000001 0.798125 0.083098 0.05249999999999999
1 0.9702550000000001 0.75875 0.05760200000000004 0.05249999999999999
