1 0.009375 0.24229699999999998 0.01875 0.03828200000000001
1 0.010625 0.0971055 0.02125 0.072829
1 0.01375 0.0214755 0.0275 0.042951
1 0.0234375 0.388422 0.046875 0.07469599999999998
1 0.024375 0.077031 0.04875 0.081232
1 0.0246875 0.5494865 0.049375 0.08309900000000003
1 0.0259375 0.1960785 0.051875 0.084033
1 0.0278125 0.45845 0.055625 0.08029800000000004
1 0.029375000000000002 0.126517 0.055 0.043884000000000006
1 0.0340625 0.28898250000000003 0.043125 0.055089
1 0.0259375 0.251634 0.021875 0.03454799999999997
1 0.039375 0.015873 0.04875 0.031746
1 0.0640625 0.3286645 0.08562499999999999 0.10457500000000003
1 0.0353125 0.054622000000000004 0.025625000000000002 0.045751999999999994
1 0.07625 0.506536 0.095 0.10737600000000008
1 0.059687500000000004 0.253968 0.04812500000000001 0.06909400000000002
1 0.0759375 0.601307 0.080625 0.09523800000000004
1 0.0540625 0.1638655 0.033124999999999995 0.05322100000000002
1 0.08031250000000001 0.413632 0.064375 0.07469599999999998
1 0.0609375 0.0742295 0.024374999999999994 0.148459
1 0.086875 0.6750700000000001 0.07125000000000001 0.07469599999999998
1 0.094375 0.764706 0.05875 0.0746960000000001
1 0.096875 0.07142899999999999 0.05499999999999999 0.10177399999999999
1 0.0884375 0.0084035 0.03687499999999999 0.016807
1 0.1184375 0.168067 0.07937499999999999 0.084034
1 0.12312500000000001 0.26937449999999996 0.08375 0.11858099999999999
1 0.1315625 0.3660135 0.07437500000000001 0.085901
1 0.11406250000000001 0.037348 0.036875000000000005 0.050420000000000006
1 0.1446875 0.101774 0.080625 0.056022000000000016
1 0.1403125 0.4500465 0.06937499999999999 0.09337099999999998
1 0.1434375 0.54155 0.069375 0.08776800000000001
1 0.1315625 0.019608 0.038125000000000006 0.039216
1 0.1565625 0.6171804999999999 0.06812499999999999 0.07843100000000003
1 0.1584375 0.700747 0.06937499999999999 0.09990600000000005
1 0.144375 0.264706 0.03875000000000001 0.05882399999999999
1 0.149375 0.2152195 0.04375000000000001 0.055089
1 0.15625 0.042017 0.04249999999999998 0.070962
1 0.1565625 0.11718 0.020625000000000004 0.02521000000000001
1 0.17375000000000002 0.1960785 0.046249999999999986 0.06722700000000001
1 0.1775 0.2600375 0.03375 0.068161
1 0.1828125 0.5527545 0.03312499999999999 0.07096099999999994
1 0.24656250000000002 0.1400565 0.028124999999999983 0.05415500000000001
1 0.2653125 0.102241 0.03687499999999999 0.049486000000000016
1 0.2671875 0.2558355 0.03562499999999996 0.06535900000000003
1 0.279375 0.0774975 0.04249999999999998 0.054155
1 0.3003125 0.1363215 0.08437500000000003 0.035481
1 0.27875 0.2721755 0.036250000000000004 0.05135300000000001
1 0.29093749999999996 0.042484 0.03437499999999999 0.04388399999999999
1 0.301875 0.298786 0.04125000000000001 0.07096199999999997
1 0.32281249999999995 0.2096175 0.075625 0.11111099999999999
1 0.3259375 0.114846 0.07687500000000003 0.078432
1 0.32 0.381886 0.04625000000000001 0.08029799999999998
1 0.32625 0.198413 0.05625000000000002 0.09617200000000001
1 0.34875 0.24603150000000001 0.050000000000000044 0.08496700000000001
1 0.358125 0.3361345 0.06875000000000003 0.09897299999999998
1 0.360625 0.41269849999999997 0.05375000000000002 0.07282899999999998
1 0.36531250000000004 0.0485525 0.044375 0.072829
1 0.37406249999999996 0.120915 0.021875000000000033 0.09056999999999998
1 0.384375 0.0205415 0.03999999999999998 0.041083
1 0.384375 0.24603150000000001 0.034999999999999976 0.05322099999999999
1 0.3959375 0.079365 0.03937500000000005 0.06536
1 0.4134375 0.37441650000000004 0.06687500000000002 0.07843099999999997
1 0.396875 0.193744 0.03250000000000003 0.05135400000000001
1 0.4134375 0.1928105 0.06437500000000002 0.083099
1 0.41781250000000003 0.096172 0.07187499999999997 0.097106
1 0.3934375 0.0345475 0.01937500000000003 0.028010999999999998
1 0.4246875 0.3333335 0.06687500000000002 0.07282900000000003
1 0.4134375 0.2857145 0.03812500000000002 0.05415500000000001
1 0.4134375 0.0462185 0.030625000000000013 0.04761900000000001
1 0.4184375 0.2427635 0.03812500000000002 0.06722699999999998
1 0.4371875 0.134454 0.07187500000000002 0.02054199999999999
1 0.4253125 0.21428550000000002 0.03187499999999999 0.036415
1 0.44906250000000003 0.28851550000000004 0.04062499999999997 0.05228700000000003
1 0.45687500000000003 0.2348275 0.03875000000000001 0.058823000000000014
1 0.4575 0.155462 0.02999999999999997 0.03828200000000001
1 0.4609375 0.1993465 0.02562500000000001 0.034546999999999994
1 0.4690625 0.309524 0.026874999999999982 0.05135400000000001
1 0.48250000000000004 0.14005599999999999 0.03375 0.061624
1 0.48812500000000003 0.094304 0.040000000000000036 0.05041999999999999
1 0.48843749999999997 0.2012135 0.03187500000000004 0.042017
1 0.4934375 0.1699345 0.03437499999999999 0.05975699999999998
1 0.5034375 0.1265175 0.01937500000000003 0.027077000000000018
1 0.505625 0.11718 0.017500000000000016 0.030812000000000006
1 0.5271875 0.14099 0.028124999999999956 0.05041999999999999
1 0.5446875 0.1601305 0.03562500000000002 0.060690999999999995
1 0.55 0.10317499999999999 0.03375000000000006 0.038282
1 0.5615625 0.220355 0.04312499999999997 0.056022000000000016
1 0.5584374999999999 0.12558350000000001 0.03187499999999999 0.05322099999999999
1 0.5596875 0.327731 0.02187500000000009 0.046686000000000005
1 0.5840624999999999 0.379085 0.06312499999999999 0.07283
1 0.5653125000000001 0.261905 0.020625000000000004 0.03828200000000001
1 0.575 0.1718025 0.03749999999999998 0.05415500000000001
1 0.5903125 0.3095235 0.05812499999999998 0.08496700000000001
1 0.5896874999999999 0.24229699999999998 0.04062500000000002 0.05322199999999999
1 0.5878125000000001 0.4453785 0.03437499999999993 0.06722699999999998
1 0.6018749999999999 0.1928105 0.03749999999999998 0.060690999999999995
1 0.600625 0.1097105 0.03249999999999997 0.047618999999999995
1 0.5984375 0.4981325 0.020625000000000004 0.04575100000000004
1 0.6153124999999999 0.6984125 0.05437499999999995 0.07469700000000001
1 0.623125 0.62465 0.05125000000000002 0.06909399999999999
1 0.6275 0.4911295 0.057499999999999996 0.07843099999999997
1 0.62375 0.5494865 0.04749999999999999 0.04948700000000006
1 0.62625 0.42156899999999997 0.05249999999999999 0.06442600000000004
1 0.6121875 0.7446315 0.01937499999999992 0.034547000000000105
1 0.6190625000000001 0.086368 0.03312499999999996 0.043884000000000006
1 0.625 0.236695 0.040000000000000036 0.05695599999999998
1 0.631875 0.35480849999999997 0.053749999999999964 0.06909499999999996
1 0.6196875 0.138189 0.016875000000000084 0.063492
1 0.6325000000000001 0.04902 0.04250000000000009 0.05695599999999999
1 0.6409374999999999 0.27731100000000003 0.05937500000000007 0.08029800000000001
1 0.6325000000000001 0.0177405 0.03749999999999998 0.035481
1 0.6378125 0.28851550000000004 0.03687499999999999 0.057889000000000024
1 0.6421874999999999 0.104108 0.030625000000000013 0.04388399999999999
1 0.6384375 0.1321195 0.020625000000000004 0.10924299999999999
1 0.6453125 0.2180205 0.026874999999999982 0.045750999999999986
1 0.66125 0.1956115 0.043749999999999956 0.032679000000000014
1 0.6578124999999999 0.643791 0.03312499999999996 0.05695600000000001
1 0.6653125 0.5266109999999999 0.04812499999999997 0.07656399999999997
1 0.6665625 0.158263 0.045624999999999916 0.04575199999999999
1 0.66875 0.45284800000000003 0.04999999999999993 0.07096200000000003
1 0.6699999999999999 0.389356 0.04749999999999999 0.06909399999999999
1 0.6684375 0.0560225 0.03937499999999994 0.056022999999999996
1 0.6640625 0.5882355 0.028124999999999956 0.06535899999999994
1 0.676875 0.3165265 0.053749999999999964 0.08029900000000001
1 0.6703125 0.252101 0.038124999999999964 0.050419999999999965
1 0.6690625 0.0205415 0.028124999999999956 0.029879
1 0.6915625 0.213819 0.034375000000000044 0.046686000000000005
1 0.6934374999999999 0.26564 0.03312499999999996 0.05695599999999998
1 0.6928125 0.1535945 0.016875000000000084 0.023343000000000003
1 0.7009375 0.10784300000000001 0.028124999999999956 0.03828200000000001
1 0.708125 0.16573300000000002 0.03499999999999992 0.03828200000000001
1 0.7134375 0.12371650000000001 0.03937500000000005 0.05508900000000001
1 0.7153125 0.201214 0.03562500000000002 0.05135400000000001
1 0.7209375 0.2502335 0.02187500000000009 0.05042100000000002
1 0.7359375 0.257236 0.02562500000000001 0.04388399999999998
1 0.7409375 0.210084 0.02312499999999995 0.046686000000000005
