1 0.042723 0.19906249999999998 0.085446 0.134375
1 0.119718 0.49624999999999997 0.151174 0.11125000000000002
1 0.1286385 0.1965625 0.148357 0.14687500000000003
1 0.170892 0.30062500000000003 0.161502 0.14375
1 0.1723005 0.174375 0.128639 0.13
1 0.182629 0.4134375 0.143662 0.11562499999999998
1 0.273709 0.259375 0.16244200000000003 0.15375
1 0.29061000000000003 0.1590625 0.14929600000000004 0.12312499999999998
1 0.3901405 0.13 0.164319 0.11624999999999999
1 0.398122 0.055625 0.148356 0.08
1 0.5521125 0.1359375 0.14835700000000002 0.151875
1 0.7075115000000001 0.1325 0.15680700000000003 0.1525
1 0.8615025000000001 0.1265625 0.16244099999999995 0.133125
1 0.930986 0.22062500000000002 0.13615 0.14
1 0.9821595 0.434375 0.03380300000000003 0.09875
