0 0.0582855 0.7175 0.027428999999999995 0.00666599999999995
0 0.13999999999999999 0.615833 0.05828599999999999 0.040000000000000036
0 0.1954285 0.7770835 0.070857 0.060833000000000026
0 0.2165715 0.32375 0.019428999999999974 0.015834000000000015
0 0.257714 0.777083 0.02171400000000001 0.012499999999999956
0 0.301714 0.19125 0.013714000000000004 0.012500000000000011
0 0.4537145 0.6366670000000001 0.05485699999999999 0.03500000000000003
0 0.590857 0.65375 0.020572000000000035 0.014166000000000012
0 0.6805715 0.5479164999999999 0.044570999999999916 0.030833
0 0.6839999999999999 0.27875 0.039999999999999925 0.03416600000000003
