0 0.026562500000000003 0.1883175 0.014375000000000002 0.03644900000000001
0 0.138125 0.718224 0.03749999999999999 0.04205599999999998
0 0.385 0.469159 0.44500000000000006 0.28784999999999994
0 0.29312499999999997 0.1570095 0.23875 0.162617
0 0.32718749999999996 0.8476635 0.12312499999999998 0.07476700000000003
0 0.294375 0.4598135 0.01375000000000004 0.011214999999999975
0 0.31343750000000004 0.119159 0.023125000000000007 0.025234000000000006
0 0.344375 0.571495 0.02124999999999999 0.03271000000000002
0 0.4284375 0.8 0.015625 0.05233600000000005
0 0.446875 0.587383 0.016250000000000042 0.04766399999999993
0 0.493125 0.9481310000000001 0.09124999999999994 0.045794
0 0.5421875 0.5864484999999999 0.02312499999999995 0.04953299999999994
0 0.5690625 0.5766355 0.015625 0.014952999999999994
0 0.5934375000000001 0.488318 0.028125000000000067 0.03831799999999996
0 0.7915625 0.2827105 0.021874999999999978 0.021494999999999986
0 0.8415625 0.5747665 0.014375000000000027 0.018691000000000013
0 0.8553125 0.6948595 0.03687499999999999 0.04392499999999999
0 0.8596874999999999 0.1962615 0.010624999999999996 0.020560999999999996
0 0.9190625 0.53271 0.03312500000000007 0.02242999999999995
