1 0.1496875 0.26454049999999996 0.03687499999999999 0.054408999999999985
1 0.18937500000000002 0.32786099999999996 0.04000000000000001 0.049717999999999984
1 0.2865625 0.2603185 0.026874999999999982 0.05347099999999996
1 0.3334375 0.565197 0.02937500000000004 0.042214000000000085
1 0.419375 0.32223250000000003 0.03874999999999995 0.05722299999999997
1 0.515 0.629456 0.04125000000000001 0.061914000000000025
1 0.5378125 0.6744840000000001 0.030625000000000013 0.028142
1 0.55 0.58818 0.04249999999999998 0.06754199999999999
1 0.5725 0.523921 0.03374999999999995 0.04408999999999996
1 0.57375 0.6472795 0.036250000000000004 0.07879900000000006
1 0.6168750000000001 0.6791745 0.04999999999999993 0.06566699999999992
1 0.6603125000000001 0.7570355 0.03187499999999999 0.04878099999999996
1 0.7281249999999999 0.761726 0.03749999999999998 0.08067599999999997
