1 0.2596875 0.317669 0.06437499999999999 0.08646599999999999
1 0.253125 0.5211465 0.046249999999999986 0.089285
1 0.2603125 0.4036655 0.01937500000000003 0.06484899999999999
1 0.2903125 0.362312 0.06187499999999996 0.09492400000000001
1 0.30125 0.511748 0.07 0.10056400000000004
1 0.2828125 0.2908835 0.02812500000000001 0.04417300000000002
1 0.3221875 0.288064 0.06687500000000002 0.08552599999999999
1 0.34468750000000004 0.348684 0.060624999999999984 0.097744
1 0.3659375 0.5432335 0.06437500000000002 0.09398500000000004
1 0.37124999999999997 0.46945499999999996 0.05624999999999997 0.05357200000000001
1 0.386875 0.298872 0.057499999999999996 0.06390999999999997
1 0.4125 0.2843045 0.057499999999999996 0.08552700000000002
1 0.41125 0.523496 0.050000000000000044 0.07330800000000004
1 0.42562500000000003 0.369831 0.04750000000000004 0.098684
1 0.44718749999999996 0.4661655 0.03937499999999999 0.07894699999999993
1 0.4671875 0.5192669999999999 0.06437500000000002 0.10056399999999999
1 0.45625000000000004 0.3787595 0.03999999999999998 0.09586500000000003
1 0.4715625 0.29558249999999997 0.06312500000000004 0.10808299999999998
1 0.49 0.39896600000000004 0.058750000000000024 0.09116600000000002
1 0.52375 0.5465225 0.05375000000000002 0.10056300000000001
1 0.5275 0.317669 0.06124999999999997 0.08646599999999999
1 0.535 0.45864649999999996 0.06125000000000003 0.09022499999999994
1 0.5709375000000001 0.5150375 0.06187500000000001 0.07706700000000005
1 0.569375 0.273026 0.04874999999999996 0.03853400000000001
1 0.5818749999999999 0.30639099999999997 0.057499999999999996 0.07518799999999998
1 0.5946875 0.5451125 0.041874999999999996 0.08270700000000009
