1 0.14041700000000001 0.20249999999999999 0.0875 0.1175
1 0.1495835 0.32875 0.09083300000000001 0.11499999999999999
1 0.185 0.074375 0.07333400000000001 0.11625
1 0.210417 0.224375 0.07750000000000001 0.12624999999999997
1 0.228333 0.435625 0.095 0.11875000000000002
1 0.22041699999999997 0.136875 0.07249999999999998 0.11875000000000001
1 0.23041650000000002 0.343125 0.08416700000000002 0.10875000000000001
1 0.2329165 0.4525 0.06083299999999997 0.09999999999999992
1 0.2345835 0.2475 0.03916699999999998 0.07499999999999998
1 0.237917 0.250625 0.03749999999999998 0.09125000000000003
1 0.27958299999999997 0.2925 0.07749999999999999 0.1275
1 0.27999999999999997 0.11624999999999999 0.06666599999999998 0.08
1 0.28083349999999996 0.35562499999999997 0.058333000000000024 0.06875000000000003
1 0.28625 0.19374999999999998 0.0675 0.12999999999999998
1 0.3204165 0.420625 0.089167 0.11374999999999996
1 0.3375 0.325625 0.07333400000000001 0.10875000000000001
1 0.35875 0.3325 0.04916599999999999 0.13
1 0.454167 0.21375 0.08000000000000002 0.10250000000000001
1 0.4633335 0.29874999999999996 0.05666700000000002 0.08000000000000002
1 0.46958350000000004 0.11624999999999999 0.05416700000000002 0.09000000000000001
1 0.5016665 0.34625 0.08666700000000005 0.09250000000000003
1 0.49624999999999997 0.143125 0.069166 0.10875000000000001
1 0.524167 0.279375 0.07500000000000001 0.11875
1 0.5083335 0.38375000000000004 0.03833299999999995 0.09500000000000003
1 0.5387500000000001 0.386875 0.07083399999999995 0.08875
1 0.54125 0.188125 0.060834000000000055 0.09375
1 0.5762499999999999 0.21937500000000001 0.057499999999999996 0.09625
1 0.5766665 0.28 0.05666700000000002 0.11000000000000001
1 0.5833335 0.39125 0.06166700000000003 0.09749999999999998
1 0.5716665000000001 0.32875 0.023332999999999937 0.034999999999999976
