0 0.758594 0.29583349999999997 0.08125000000000004 0.10208299999999998
0 0.1652345 0.3828125 0.017969000000000013 0.017708999999999975
0 0.3523435 0.5864585 0.046875 0.05208299999999999
0 0.3996095 0.24583349999999998 0.04453099999999999 0.04791699999999999
0 0.4125 0.3057295 0.051562 0.05312499999999998
0 0.5332034999999999 0.5682295 0.042968999999999924 0.046875
0 0.5796875 0.4427085 0.05625100000000005 0.054166999999999965
0 0.705078 0.403646 0.035155999999999965 0.038541999999999965
0 0.8226564999999999 0.532292 0.035937 0.03749999999999998
0 0.889062 0.2604165 0.07499999999999996 0.09166700000000003
0 0.8746095 0.6114580000000001 0.04453099999999999 0.04999999999999993
0 0.898047 0.4005205 0.044532000000000016 0.059374999999999956
0 0.95 0.499479 0.05468799999999996 0.05520799999999998
