1 0.2253125 0.38559350000000003 0.026874999999999982 0.05178900000000003
1 0.2809375 0.55226 0.04062500000000002 0.04802200000000001
1 0.29281250000000003 0.603578 0.029374999999999984 0.048963999999999896
1 0.3021875 0.5682674999999999 0.030625000000000013 0.04613900000000004
1 0.3146875 0.619115 0.02562500000000001 0.032955999999999985
1 0.3253125 0.5922785 0.03562500000000002 0.05649700000000002
1 0.3384375 0.4797555 0.03562500000000002 0.061204999999999954
1 0.36906249999999996 0.487288 0.02812500000000001 0.04613999999999996
1 0.5859375 0.5983989999999999 0.02937499999999993 0.059321999999999986
1 0.6121875 0.5903955000000001 0.03312500000000007 0.05273099999999997
1 0.7190624999999999 0.49529199999999995 0.02937500000000004 0.05084799999999995
1 0.8203125 0.672787 0.013125000000000053 0.040490000000000026
1 0.8721875 0.629473 0.023125000000000062 0.05367200000000005
1 0.8799999999999999 0.5268365 0.036250000000000004 0.042372999999999994
1 0.88375 0.570151 0.036250000000000004 0.049906000000000006
1 0.901875 0.5513185 0.036250000000000004 0.051788999999999974
1 0.9043749999999999 0.502354 0.03874999999999995 0.048021999999999954
1 0.953125 0.6308849999999999 0.05249999999999999 0.07344600000000001
1 0.9575 0.5974575 0.03875000000000006 0.025422999999999973
1 0.9834375 0.621469 0.03187499999999999 0.06968000000000008
1 0.986875 0.6624295 0.025000000000000022 0.02730699999999997
1 0.991875 0.625706 0.010000000000000009 0.049906000000000006
