1 0.3209375 0.4350895 0.12062499999999998 0.17779900000000004
1 0.4 0.344779 0.11374999999999996 0.18908800000000003
1 0.4 0.4811855 0.11125000000000002 0.09313300000000002
1 0.45718749999999997 0.306209 0.10812499999999997 0.19661399999999998
1 0.47968750000000004 0.4299155 0.13187500000000002 0.21636900000000003
1 0.5421875 0.5771405000000001 0.12187500000000001 0.19096900000000006
1 0.57375 0.341016 0.125 0.23612399999999997
1 0.6140625 0.396049 0.12187500000000007 0.20696199999999998
1 0.6609375 0.4623705 0.15937499999999993 0.20037700000000003
1 0.660625 0.621825 0.15125 0.17121399999999998
