1 0.4653125 0.240619 0.03937499999999999 0.11163200000000001
1 0.48124999999999996 0.44887449999999995 0.06124999999999997 0.12288899999999997
1 0.51375 0.25891149999999996 0.10625000000000001 0.15947499999999998
1 0.4934375 0.361163 0.021875000000000033 0.06003799999999998
1 0.5459375 0.34803 0.09562500000000002 0.14821799999999996
1 0.564375 0.108349 0.11499999999999999 0.188556
1 0.6221875 0.272045 0.11062499999999997 0.165104
1 0.6734375 0.110225 0.14312499999999995 0.21482199999999999
1 0.9721875 0.41135099999999997 0.05437500000000006 0.20168799999999998
1 0.9934375 0.291276 0.011874999999999969 0.04596600000000001
