1 0.0495 0.43468450000000003 0.048999999999999995 0.09159100000000003
1 0.05 0.478228 0.04000000000000001 0.05555599999999994
1 0.0935 0.457207 0.047 0.09759799999999996
1 0.20700000000000002 0.024775 0.086 0.04955
1 0.277 0.3423425 0.05399999999999999 0.14114099999999996
1 0.3145 0.32957949999999997 0.07299999999999995 0.16666699999999998
1 0.365 0.343844 0.055999999999999994 0.13813799999999998
1 0.354 0.4924925 0.03199999999999997 0.08108099999999996
1 0.353 0.5277780000000001 0.02799999999999997 0.05555600000000005
1 0.3845 0.5045045 0.03500000000000003 0.04804900000000001
1 0.506 0.464715 0.03400000000000003 0.09159200000000006
1 0.528 0.484985 0.02200000000000002 0.07807800000000004
1 0.546 0.5067565 0.03599999999999992 0.08258299999999996
1 0.9165 0.43843849999999995 0.05499999999999994 0.11111100000000002
1 0.9465 0.2432435 0.10499999999999998 0.21921900000000002
1 0.9305 0.518769 0.020999999999999908 0.04354400000000003
1 0.9610000000000001 0.334084 0.06599999999999995 0.118618
1 0.9424999999999999 0.534535 0.007000000000000006 0.042042000000000024
1 0.957 0.436937 0.030000000000000027 0.114114
1 0.9704999999999999 0.46696699999999997 0.05700000000000005 0.10810799999999998
1 0.959 0.5510515 0.014000000000000012 0.03303299999999998
1 0.975 0.5067564999999999 0.026000000000000023 0.05855899999999997
1 0.9884999999999999 0.5420425 0.02100000000000002 0.027027000000000023
