1 0.1134375 0.825985 0.008124999999999993 0.01782399999999995
1 0.1615625 0.337242 0.090625 0.13227
1 0.13125 0.7439020000000001 0.012500000000000011 0.022514000000000034
1 0.25625 0.3048785 0.04250000000000004 0.07504699999999997
1 0.2409375 0.35647300000000004 0.009375000000000022 0.02063799999999999
1 0.2478125 0.8419325 0.01812500000000003 0.03846099999999997
1 0.2671875 0.864447 0.033125000000000016 0.04408999999999996
1 0.28375 0.12101300000000001 0.010000000000000009 0.018762000000000015
1 0.33625 0.8700749999999999 0.010000000000000009 0.02157599999999993
1 0.391875 0.8325515 0.05750000000000005 0.0966229999999999
1 0.716875 0.609756 0.04125000000000001 0.065666
1 0.7259375 0.325047 0.018124999999999947 0.02720399999999995
1 0.8046875 0.0942775 0.01937499999999992 0.03470899999999999
1 0.8175 0.6036585 0.006250000000000089 0.015946999999999933
1 0.89 0.858349 0.007500000000000062 0.016885999999999957
1 0.9396875 0.720919 0.013125000000000053 0.01970000000000005
1 0.9940625000000001 0.724672 0.010624999999999996 0.01970000000000005
