0 0.0161135 0.7382815 0.032227 0.04166700000000001
0 0.0405275 0.702474 0.081055 0.058593999999999924
0 0.1137695 0.1940105 0.227539 0.19531300000000001
0 0.16015649999999998 0.514323 0.23437499999999997 0.15625
0 0.359375 0.4466145 0.39648400000000006 0.359375
0 0.3046875 0.6035159999999999 0.167969 0.09505200000000003
0 0.3115235 0.73763 0.08398499999999998 0.061198000000000086
0 0.2890625 0.11263000000000001 0.02343700000000004 0.027343999999999993
0 0.430664 0.8183590000000001 0.12109400000000003 0.058593999999999924
0 0.486328 0.7669269999999999 0.09960999999999998 0.07031200000000004
0 0.4755855 0.5983075 0.06054699999999996 0.045573000000000086
0 0.5722659999999999 0.6770835 0.13867200000000002 0.078125
0 0.5268555 0.953125 0.03613299999999997 0.02343800000000007
0 0.5805665 0.7766925 0.02636700000000003 0.037760999999999934
0 0.6918945000000001 0.202474 0.16699300000000006 0.14192800000000003
0 0.7431639999999999 0.9244795 0.14648399999999995 0.140625
0 0.7285155 0.4121095 0.052734999999999976 0.04296899999999998
0 0.7734375 0.1979165 0.05468699999999993 0.039063000000000014
0 0.8115235000000001 0.8645830000000001 0.042968999999999924 0.09895799999999999
0 0.8740235000000001 0.6191405000000001 0.021485000000000087 0.016927000000000025
