1 0.0197 0.6434375 0.0394 0.06812499999999999
1 0.0248595 0.58875 0.049719 0.06875000000000009
1 0.065197 0.5843750000000001 0.102252 0.05625000000000002
1 0.057222999999999996 0.628125 0.061914 0.03749999999999998
1 0.0586305 0.5384375 0.038461 0.03937499999999994
1 0.11116300000000001 0.5393749999999999 0.087242 0.06874999999999998
1 0.130394 0.614375 0.090056 0.06125000000000003
1 0.1472795 0.5571875 0.09756100000000001 0.05937500000000007
1 0.17870550000000002 0.5734375 0.094747 0.038125000000000075
1 0.208724 0.6034375000000001 0.08724199999999999 0.06312499999999999
1 0.22654799999999997 0.5325 0.09286999999999998 0.07124999999999998
1 0.2997185 0.5725 0.09474700000000003 0.06624999999999992
1 0.304878 0.5 0.06941800000000004 0.05499999999999999
1 0.34052499999999997 0.5237499999999999 0.084428 0.06124999999999997
1 0.381801 0.5684374999999999 0.08442799999999995 0.06187500000000001
1 0.3996245 0.6325000000000001 0.07504699999999997 0.05999999999999994
1 0.422608 0.5137499999999999 0.085366 0.07874999999999999
1 0.445591 0.6078125000000001 0.10506599999999999 0.07187500000000002
1 0.458724 0.5478125 0.084428 0.05812499999999998
1 0.523921 0.5646875 0.09286999999999995 0.07187499999999991
1 0.542214 0.641875 0.11257 0.08499999999999996
1 0.611163 0.5871875 0.11350799999999994 0.07187500000000002
1 0.619137 0.641875 0.05628599999999995 0.06499999999999995
1 0.6805815 0.6246875000000001 0.10225099999999998 0.07562499999999994
1 0.685272 0.5546875 0.08724200000000004 0.06812499999999999
1 0.763602 0.568125 0.1050660000000001 0.07499999999999996
1 0.7729835 0.6315625 0.09756100000000001 0.06437499999999996
1 0.836773 0.595625 0.09193200000000001 0.06125000000000003
1 0.880394 0.4528125 0.11725999999999992 0.07687500000000003
1 0.8752345 0.6503125 0.09756100000000001 0.06812499999999999
1 0.8827389999999999 0.5596875 0.11256999999999995 0.07187499999999991
1 0.9057225 0.3703125 0.10225099999999998 0.06812499999999999
1 0.9380865 0.6059375 0.099437 0.06187500000000001
1 0.965291 0.4275 0.06754199999999999 0.08000000000000002
1 0.9742025000000001 0.5546875 0.04971899999999996 0.08187499999999992
1 0.988274 0.6334375 0.02157600000000004 0.06812499999999999
1 0.989681 0.49406249999999996 0.018762000000000056 0.04562499999999997
