1 0.041875 0.35 0.041249999999999995 0.056665999999999994
1 0.043750000000000004 0.436667 0.045 0.05499999999999999
1 0.0471875 0.2654165 0.05187499999999999 0.060833000000000026
1 0.045625 0.5958330000000001 0.036250000000000004 0.04999999999999993
1 0.050312499999999996 0.4858335 0.045625 0.06333299999999997
1 0.034687499999999996 0.390417 0.009375000000000001 0.03749999999999998
1 0.03375 0.307917 0.006249999999999999 0.02749999999999997
1 0.0475 0.5375000000000001 0.0325 0.046665999999999985
1 0.054375 0.235 0.045 0.033333999999999975
1 0.051562500000000004 0.6683334999999999 0.036875000000000005 0.043332999999999955
1 0.056875 0.3975 0.0475 0.05166599999999999
1 0.057499999999999996 0.31 0.043750000000000004 0.05333399999999999
1 0.059375 0.5608329999999999 0.04750000000000001 0.05500000000000005
1 0.057499999999999996 0.2191665 0.04125 0.05333299999999999
1 0.0465625 0.6270835 0.014374999999999999 0.015832999999999986
1 0.0709375 0.6425000000000001 0.050625 0.04999999999999993
1 0.075 0.439167 0.0425 0.04999999999999999
1 0.080625 0.5108334999999999 0.04125000000000001 0.05166700000000002
1 0.084375 0.35875 0.042499999999999996 0.065834
1 0.07718749999999999 0.26249999999999996 0.02062499999999999 0.018334000000000017
1 0.0871875 0.6004165 0.02812500000000001 0.04416700000000007
1 0.0834375 0.29125 0.018125000000000002 0.015834000000000015
1 0.0884375 0.6708335 0.020625000000000004 0.04833299999999996
1 0.09625 0.3991665 0.036250000000000004 0.04166700000000001
1 0.1034375 0.30833350000000004 0.048125 0.05333300000000002
1 0.103125 0.229167 0.04375 0.054999999999999966
1 0.106875 0.275833 0.051250000000000004 0.040000000000000036
1 0.1203125 0.3516665 0.031875000000000014 0.046667000000000014
1 0.8396875 0.6295835000000001 0.055625000000000036 0.06416699999999997
1 0.8378125000000001 0.728333 0.04437499999999994 0.05499999999999994
1 0.825625 0.6808335000000001 0.016249999999999987 0.053332999999999964
1 0.8471875 0.529583 0.059374999999999956 0.06749999999999995
1 0.8528125 0.339583 0.06062500000000004 0.0675
1 0.84875 0.4383335 0.050000000000000044 0.05666700000000002
1 0.8353125 0.5804164999999999 0.013125000000000053 0.030833
1 0.8571875 0.6845829999999999 0.05687500000000001 0.0675
1 0.8403125 0.3904165 0.018124999999999947 0.044166999999999956
1 0.8596875 0.2458335 0.05687500000000001 0.05333300000000002
1 0.849375 0.19208350000000002 0.03374999999999995 0.05416699999999999
1 0.8378125000000001 0.48375 0.008125000000000049 0.02416600000000002
1 0.8478125000000001 0.2925 0.021874999999999978 0.04166599999999998
1 0.86625 0.58375 0.053749999999999964 0.07250000000000001
1 0.8709374999999999 0.3875 0.05312499999999998 0.063334
1 0.8728125 0.485 0.05687500000000001 0.06
1 0.8746875000000001 0.29583349999999997 0.05312499999999998 0.06166699999999997
1 0.8796875 0.18625 0.055624999999999925 0.07583400000000001
1 0.88375 0.7370835 0.04500000000000004 0.06916699999999998
1 0.8903125000000001 0.63875 0.05062500000000003 0.07250000000000001
1 0.8971875 0.5408335 0.04937499999999995 0.07166700000000004
1 0.905625 0.23875000000000002 0.05249999999999999 0.06750000000000003
1 0.903125 0.43875 0.04500000000000004 0.07083400000000001
1 0.90625 0.34875 0.05125000000000002 0.069166
1 0.9121874999999999 0.6883335 0.055624999999999925 0.05666700000000002
1 0.923125 0.48750000000000004 0.06000000000000005 0.07166600000000006
1 0.920625 0.5866665 0.04874999999999996 0.05666700000000002
1 0.9296875 0.39375000000000004 0.06687500000000002 0.065834
1 0.9128125 0.16625 0.020625000000000004 0.025833999999999996
1 0.9309375 0.2879165 0.04937499999999995 0.06083299999999997
1 0.9365625 0.1816665 0.055625000000000036 0.066667
1 0.9225 0.734583 0.022499999999999964 0.04249999999999998
1 0.9299999999999999 0.6416665 0.03749999999999998 0.046667000000000014
1 0.9346875 0.5391665 0.028124999999999956 0.04833299999999996
1 0.943125 0.2341665 0.040000000000000036 0.04833299999999999
1 0.94 0.4420835 0.03125 0.035833000000000004
1 0.945 0.3404165 0.03125 0.05916699999999997
