1 0.024375 0.6775 0.04875 0.10000000000000009
1 0.043125 0.6025 0.03625 0.10499999999999998
1 0.134375 0.455417 0.06125000000000001 0.08250000000000002
1 0.17781249999999998 0.38916649999999997 0.06687499999999999 0.10166700000000001
1 0.2640625 0.37583350000000004 0.05937500000000001 0.086667
1 0.29125 0.2508335 0.0675 0.09833299999999998
1 0.3409375 0.2 0.05812499999999998 0.096666
1 0.405625 0.1741665 0.07374999999999998 0.10666700000000001
1 0.48062499999999997 0.1416665 0.06875000000000003 0.10333300000000001
1 0.56375 0.1529165 0.07499999999999996 0.11583299999999999
1 0.6334375000000001 0.1633335 0.06187500000000001 0.108333
1 0.7015625 0.2133335 0.06812499999999999 0.10833300000000001
1 0.756875 0.275833 0.08875 0.10999999999999999
1 0.81375 0.33625 0.06874999999999998 0.09916599999999998
1 0.8634375 0.4141665 0.06937499999999996 0.10333300000000001
1 0.8859375 0.48666699999999996 0.055624999999999925 0.10499999999999993
