1 0.155625 0.396667 0.07125000000000001 0.10999999999999999
1 0.20500000000000002 0.31666700000000003 0.03 0.04999999999999999
1 0.21500000000000002 0.43416699999999997 0.03 0.034999999999999976
1 0.24875000000000003 0.355 0.0325 0.04999999999999999
1 0.28 0.281667 0.034999999999999976 0.050000000000000044
1 0.32437499999999997 0.23833349999999998 0.023749999999999993 0.03666699999999998
1 0.705625 0.25583350000000005 0.028749999999999942 0.048333000000000015
1 0.7475 0.375833 0.02749999999999997 0.044999999999999984
1 0.7725 0.276667 0.030000000000000027 0.050000000000000044
1 0.785625 0.35333349999999997 0.03374999999999995 0.04666699999999996
1 0.8225 0.29500000000000004 0.03249999999999997 0.04999999999999999
1 0.8518749999999999 0.374167 0.053750000000000075 0.08500000000000002
