1 0.2028125 0.97375 0.016875 0.02416599999999991
1 0.2190625 0.95625 0.015625 0.032500000000000084
1 0.23343750000000002 0.282917 0.021875000000000006 0.03250000000000003
1 0.2634375 0.8054165 0.01937500000000003 0.02083299999999999
1 0.27812499999999996 0.0170835 0.03875000000000001 0.034167
1 0.2875 0.07333300000000001 0.03875000000000001 0.045
1 0.5034375 0.7933330000000001 0.03062500000000007 0.05500000000000005
1 0.50625 0.29791650000000003 0.016250000000000042 0.02583300000000005
1 0.5606249999999999 0.8554165 0.03749999999999998 0.04083300000000001
1 0.5821875000000001 0.6966665000000001 0.021874999999999978 0.05166700000000002
1 0.6184375 0.6545835 0.021874999999999978 0.025832999999999995
1 0.6484375 0.6445835 0.01187500000000008 0.015832999999999986
