1 0.016875 0.5144725 0.03375 0.07096100000000005
1 0.0196875 0.2824465 0.039375 0.187675
1 0.0265625 0.6339870000000001 0.053125 0.17553600000000003
1 0.036875 0.500934 0.07375 0.09056999999999998
1 0.039375 0.339869 0.07875 0.21101799999999998
1 0.0509375 0.856676 0.101875 0.28478000000000003
1 0.07125000000000001 0.7096169999999999 0.1125 0.25023399999999996
1 0.052500000000000005 0.5508869999999999 0.065 0.09710600000000003
1 0.0878125 0.4070965 0.13562500000000002 0.244631
1 0.0903125 0.604575 0.018125000000000002 0.025209999999999955
1 0.1828125 0.6512605 0.171875 0.271709
1 0.154375 0.967787 0.1125 0.062558
1 0.1115625 0.8352005 0.016875 0.034546999999999994
1 0.174375 0.5364145 0.14250000000000002 0.096171
1 0.15812500000000002 0.7973859999999999 0.10500000000000001 0.08963599999999994
1 0.1546875 0.4990665 0.08187499999999999 0.06629300000000005
1 0.1725 0.849206 0.10500000000000001 0.12791799999999998
1 0.1878125 0.42296900000000004 0.043125 0.10083999999999999
1 0.2153125 0.5014005 0.070625 0.07843099999999997
1 0.273125 0.3963585 0.15500000000000003 0.262371
1 0.2653125 0.898226 0.10687499999999997 0.09150400000000003
1 0.2878125 0.7791779999999999 0.13562500000000002 0.19140999999999997
1 0.325 0.5975725 0.15374999999999997 0.302521
1 0.3465625 0.8646125 0.07187500000000002 0.132587
1 0.3909375 0.4005605 0.08812500000000001 0.175537
1 0.39093750000000005 0.6036414999999999 0.085625 0.253035
1 0.3953125 0.725957 0.08937499999999998 0.14472399999999996
1 0.41781250000000003 0.753501 0.08812499999999995 0.15873000000000004
1 0.4559375 0.381886 0.11812500000000004 0.20541600000000004
1 0.47406249999999994 0.802988 0.13937499999999997 0.22782400000000003
1 0.43062500000000004 0.938842 0.03750000000000003 0.120448
1 0.4921875 0.9467785 0.14437499999999998 0.10457499999999997
1 0.45875 0.560691 0.06 0.189542
1 0.49906249999999996 0.194678 0.11812499999999998 0.215686
1 0.5296875 0.5873014999999999 0.13312499999999994 0.28944899999999996
1 0.5534375 0.3641455 0.083125 0.218487
1 0.5774999999999999 0.929505 0.10999999999999999 0.13912199999999997
1 0.553125 0.8520075 0.05125000000000002 0.04948699999999995
1 0.5890625 0.3641455 0.12312500000000004 0.21475299999999997
1 0.611875 0.800654 0.14374999999999993 0.21008399999999994
1 0.6375 0.6195145 0.15374999999999994 0.262371
1 0.6740625 0.4696545 0.14437499999999992 0.22969100000000003
1 0.683125 0.967787 0.10125000000000006 0.062558
1 0.693125 0.8459384999999999 0.04499999999999993 0.07843100000000003
1 0.7540625000000001 0.6970125 0.14312500000000006 0.264239
1 0.7637499999999999 0.9850605 0.11875000000000002 0.028011000000000008
1 0.7709375 0.8865545 0.1206250000000001 0.19887900000000003
1 0.9450000000000001 0.9430434999999999 0.10750000000000004 0.11204500000000006
