1 0.3553125 0.1144465 0.426875 0.228893
1 0.2984375 0.2636025 0.08937500000000004 0.13883700000000002
1 0.3096875 0.9854594999999999 0.03562500000000002 0.027205000000000035
1 0.3371875 0.3635085 0.080625 0.12288900000000003
1 0.320625 0.550188 0.03749999999999998 0.042213999999999974
1 0.3225 0.4380865 0.04125000000000001 0.05628500000000003
1 0.3203125 0.4723265 0.02562500000000001 0.029080999999999968
1 0.334375 0.595685 0.04624999999999996 0.048780000000000046
1 0.3328125 0.5089115 0.04062500000000002 0.05534699999999998
1 0.3265625 0.6364915 0.02562500000000001 0.03846100000000008
1 0.3309375 0.7274860000000001 0.034375000000000044 0.04971800000000004
1 0.3346875 0.85788 0.03437499999999999 0.04971800000000004
1 0.34062499999999996 0.812852 0.03875000000000001 0.04784199999999994
1 0.344375 0.915572 0.04375000000000001 0.065666
1 0.3359375 0.684334 0.024375000000000036 0.05159399999999992
1 0.351875 0.7809565 0.04874999999999996 0.05722299999999991
1 0.3521875 0.553471 0.043125000000000024 0.06379000000000001
1 0.34968750000000004 0.45825499999999997 0.02812500000000001 0.060975999999999975
1 0.35468750000000004 0.6444654999999999 0.033125000000000016 0.05816100000000002
1 0.3559375 0.9793620000000001 0.03562500000000002 0.03939999999999999
1 0.361875 0.8724205 0.03749999999999998 0.06003700000000001
1 0.37906249999999997 0.2542215 0.07187499999999997 0.12382699999999999
1 0.36812500000000004 0.724672 0.03999999999999998 0.04408999999999996
1 0.37406249999999996 0.957317 0.03812500000000002 0.05910000000000004
1 0.3771875 0.42167 0.03937499999999999 0.06472800000000001
1 0.37906249999999997 0.510788 0.03812500000000002 0.059099999999999986
1 0.3753125 0.5905255 0.02562500000000001 0.053470999999999935
1 0.3803125 0.8283305000000001 0.03312499999999996 0.05253300000000005
1 0.3803125 0.686679 0.028124999999999956 0.065666
1 0.4115625 0.35975599999999996 0.083125 0.11163200000000001
1 0.38093750000000004 0.6313325000000001 0.019374999999999976 0.05440900000000004
1 0.3853125 0.8986864999999999 0.028124999999999956 0.06941900000000001
1 0.3890625 0.46388399999999996 0.030624999999999958 0.04596600000000001
1 0.38656250000000003 0.7659475 0.018125000000000002 0.04971900000000007
1 0.395 0.5511254999999999 0.03250000000000003 0.051594999999999946
1 0.396875 0.9812385 0.036250000000000004 0.035646999999999984
1 0.3971875 0.424484 0.025624999999999953 0.04409000000000002
1 0.4203125 0.27251400000000003 0.02562500000000001 0.07410800000000001
