0 0.03125 0.6420835 0.0625 0.035833000000000004
0 0.07125 0.6325000000000001 0.1425 0.08666600000000002
0 0.1171875 0.65375 0.13187500000000002 0.08416600000000007
0 0.09625 0.5633334999999999 0.07 0.05166700000000002
0 0.13187500000000002 0.4304165 0.03 0.025832999999999995
0 0.159375 0.570417 0.0825 0.03749999999999998
0 0.55875 0.82375 0.88125 0.18583400000000005
0 0.18874999999999997 0.41041649999999996 0.03 0.024166999999999994
0 0.2315625 0.4758335 0.05812499999999998 0.04166700000000001
0 0.2628125 0.649583 0.10312500000000002 0.0625
0 0.246875 0.599167 0.027499999999999997 0.050000000000000044
0 0.290625 0.3633335 0.08625 0.05333300000000002
0 0.309375 0.53375 0.11875000000000002 0.07750000000000001
0 0.2996875 0.5687500000000001 0.05812499999999998 0.01749999999999996
0 0.3578125 0.2466665 0.06312500000000004 0.04833299999999999
0 0.369375 0.6254165 0.06625000000000003 0.030833
0 0.3934375 0.3491665 0.06937499999999996 0.06666700000000003
0 0.3953125 0.3775 0.026874999999999982 0.04500000000000004
0 0.41593749999999996 0.54375 0.019374999999999976 0.019166000000000016
0 0.4390625 0.6858335 0.05562499999999998 0.06166700000000003
0 0.4346875 0.7175 0.03312499999999996 0.043333999999999984
0 0.443125 0.4370835 0.011249999999999982 0.015832999999999986
0 0.46781249999999996 0.7158329999999999 0.021875000000000033 0.04999999999999993
0 0.476875 0.6120835 0.03249999999999997 0.030833
0 0.526875 0.674583 0.11000000000000004 0.04249999999999998
0 0.49031250000000004 0.5579164999999999 0.02812500000000001 0.029167000000000054
0 0.5134375 0.7391665000000001 0.059374999999999956 0.11333300000000002
0 0.5109375 0.6229165 0.018125000000000058 0.035833000000000004
0 0.536875 0.6229165000000001 0.043749999999999956 0.06416699999999997
0 0.5703125 0.6058335 0.06437500000000007 0.046667000000000014
0 0.5840625 0.5104165 0.026874999999999982 0.03416699999999995
0 0.615625 0.5733334999999999 0.06499999999999995 0.053332999999999964
0 0.59625 0.389583 0.009999999999999898 0.017500000000000016
0 0.6365625 0.7324999999999999 0.05812499999999998 0.04833399999999999
0 0.6428125 0.6541669999999999 0.04937499999999995 0.039999999999999925
0 0.65375 0.47208300000000003 0.04250000000000009 0.027500000000000024
0 0.69625 0.4404165 0.10250000000000004 0.090833
0 0.6978125 0.6129169999999999 0.055624999999999925 0.032500000000000084
0 0.694375 0.4766665 0.028749999999999942 0.018332999999999988
0 0.7084375 0.35708300000000004 0.015625 0.017500000000000016
0 0.7225 0.5695835 0.04125000000000001 0.035833000000000004
0 0.7971874999999999 0.05375 0.09187500000000004 0.09583399999999999
0 0.8803125 0.5475 0.1293749999999999 0.050000000000000044
0 0.8565625 0.275417 0.01937499999999992 0.02250000000000002
0 0.8678125000000001 0.0375 0.021874999999999978 0.033334
0 0.8831249999999999 0.197083 0.03375000000000006 0.027499999999999997
0 0.885 0.62625 0.030000000000000027 0.022499999999999964
0 0.893125 0.184167 0.03375000000000006 0.04999999999999999
0 0.8953125 0.717917 0.024374999999999925 0.022499999999999964
0 0.9184375 0.59125 0.05312499999999998 0.03749999999999998
0 0.94875 0.6804165 0.04125000000000001 0.02416700000000005
0 0.9571875 0.5183335 0.055625000000000036 0.05333300000000002
0 0.9715625 0.3845835 0.024375000000000036 0.030833
0 0.9915625 0.39208350000000003 0.015625 0.02583300000000005
