1 0.185962 0.269305 0.30246 0.333976
1 0.379884 0.7567565 0.28798799999999997 0.3436290000000001
1 0.39435600000000004 0.13417 0.285094 0.206564
1 0.46020300000000003 0.433398 0.260492 0.34556
1 0.633864 0.33976850000000003 0.24312599999999995 0.320463
1 0.627352 0.14575300000000002 0.21852399999999994 0.22973000000000002
1 0.6099855 0.719112 0.172215 0.28378400000000004
1 0.7532559999999999 0.666023 0.305354 0.389962
1 0.8212735 0.111969 0.25325700000000007 0.169884
1 0.837916 0.33108099999999996 0.25470400000000004 0.326254
1 0.8878435 0.626448 0.1635310000000001 0.29922800000000005
