1 0.025 0.1146875 0.05 0.049375
1 0.0283335 0.1821875 0.056667 0.081875
1 0.0661115 0.19 0.078889 0.04625000000000001
1 0.097778 0.234375 0.14222200000000002 0.09375
1 0.112778 0.14375 0.167778 0.10124999999999999
1 0.2066665 0.2728125 0.13111100000000003 0.06187500000000001
1 0.21555549999999998 0.20625 0.148889 0.08875
1 0.2083335 0.1446875 0.05444499999999999 0.03437499999999999
1 0.296111 0.141875 0.10333399999999998 0.08374999999999999
1 0.297778 0.31437499999999996 0.09999999999999998 0.03250000000000003
1 0.327222 0.253125 0.127778 0.0875
1 0.38944449999999997 0.1959375 0.13666700000000004 0.081875
1 0.42 0.1253125 0.14888800000000002 0.07687500000000001
1 0.4177775 0.306875 0.10888899999999996 0.05499999999999999
1 0.45944450000000003 0.264375 0.12777700000000003 0.06
1 0.473889 0.1609375 0.063334 0.03937500000000002
1 0.5333330000000001 0.199375 0.15777800000000003 0.08250000000000002
1 0.562222 0.113125 0.15999999999999998 0.09749999999999999
1 0.5972225 0.231875 0.07888899999999999 0.05500000000000002
1 0.6305555 0.06937499999999999 0.07222300000000004 0.041249999999999995
1 0.6699999999999999 0.1728125 0.13333399999999995 0.080625
1 0.7138885 0.1003125 0.161111 0.09562500000000002
