1 0.5284375 0.057638 0.13437499999999997 0.115276
1 0.5615625 0.0276475 0.11187500000000006 0.055295
1 0.5706249999999999 0.1129335 0.057499999999999996 0.089035
1 0.61875 0.1954075 0.053749999999999964 0.10028099999999998
1 0.6584375 0.0988755 0.12812500000000004 0.197751
1 0.6340625 0.321462 0.03312499999999996 0.16682199999999997
1 0.69875 0.0121835 0.08374999999999999 0.024367
1 0.796875 0.0670105 0.14874999999999994 0.134021
1 0.8690625000000001 0.0796625 0.114375 0.159325
1 0.85375 0.309747 0.0675 0.194002
1 0.8890625 0.219775 0.130625 0.182756
1 0.9199999999999999 0.410028 0.15125 0.179006
1 0.98375 0.5206185 0.03125 0.12277500000000002
