1 0.04875 0.7287669999999999 0.08875 0.20548
1 0.0865625 0.529452 0.081875 0.21506800000000004
1 0.1303125 0.6993155 0.086875 0.190411
1 0.2784375 0.637671 0.10687499999999997 0.258904
1 0.5843750000000001 0.7623285 0.10750000000000004 0.18767100000000003
1 0.6421874999999999 0.6910959999999999 0.07437499999999997 0.15753399999999995
1 0.68125 0.7849315 0.09375 0.19452099999999994
1 0.916875 0.9123285 0.12250000000000005 0.17260300000000006
1 0.920625 0.7910955 0.10499999999999998 0.14931499999999998
1 0.9771875 0.8239730000000001 0.04437500000000005 0.18219200000000002
1 0.98375 0.9458905 0.03125 0.10547899999999999
