1 0.091875 0.732896 0.18375 0.22305599999999992
1 0.1021875 0.586223 0.081875 0.113402
1 0.14937499999999998 0.3833175 0.09 0.176195
1 0.171875 0.831303 0.057499999999999996 0.073102
1 0.2709375 0.7455485 0.225625 0.3514529999999999
1 0.19375 0.76851 0.05249999999999999 0.08997200000000005
1 0.22125 0.548735 0.06375 0.08528599999999997
1 0.219375 0.8481725 0.05250000000000002 0.076851
1 0.273125 0.37300849999999997 0.15500000000000003 0.206185
1 0.2384375 0.7947515 0.05562499999999998 0.07685099999999989
1 0.26875 0.284911 0.05124999999999999 0.07497599999999999
1 0.27937500000000004 0.529522 0.04999999999999999 0.08434799999999998
1 0.31125 0.6199625 0.06 0.10028099999999995
1 0.4421875 0.769916 0.239375 0.458294
1 0.4165625 0.6208994999999999 0.07062500000000005 0.12839699999999998
1 0.47468750000000004 0.700094 0.08937500000000004 0.1612
