1 0.005 0.616105 0.01 0.050561999999999996
1 0.042499999999999996 0.6367039999999999 0.06 0.08052399999999993
1 0.2221875 0.3647005 0.03937499999999999 0.053371
1 0.243125 0.3960675 0.048750000000000016 0.07303300000000001
1 0.246875 0.3249065 0.05125000000000002 0.07865100000000003
1 0.745 0.329588 0.0475000000000001 0.06741600000000003
1 0.78125 0.2705995 0.04875000000000007 0.08239700000000003
1 0.785625 0.349251 0.05499999999999994 0.078652
1 0.8921874999999999 0.6235955 0.06062500000000004 0.07116100000000003
1 0.9550000000000001 0.602996 0.06500000000000006 0.08052400000000004
1 0.98 0.6657299999999999 0.03875000000000006 0.08988800000000008
1 0.9940625000000001 0.602528 0.010624999999999996 0.044007999999999936
