1 0.3671875 0.406279 0.04062500000000002 0.042174000000000045
1 0.48562500000000003 0.9147145000000001 0.21125000000000005 0.16869699999999999
1 0.4125 0.34301800000000005 0.044999999999999984 0.07497599999999999
1 0.4325 0.27179 0.05125000000000002 0.08809799999999998
1 0.450625 0.6190255 0.04625000000000001 0.03467700000000007
1 0.4928125 0.5913775 0.07937499999999997 0.08622299999999994
1 0.5409375 0.23570750000000001 0.03687499999999999 0.044049000000000005
1 0.5409375000000001 0.6077790000000001 0.03437499999999993 0.06091799999999992
1 0.585 0.541706 0.10999999999999999 0.15182799999999996
1 0.6221875 0.6883785 0.16437499999999994 0.24273699999999998
1 0.561875 0.256326 0.03374999999999995 0.04217400000000002
1 0.5784375 0.24461100000000002 0.015625 0.01874400000000001
1 0.58875 0.2502345 0.014999999999999902 0.014995000000000008
1 0.6759375 0.6115275 0.12812500000000004 0.19212699999999994
1 0.709375 0.542643 0.11250000000000004 0.153702
1 0.79 0.7478914999999999 0.1825 0.27366499999999994
1 0.7309375 0.3078725 0.04062500000000002 0.060919
1 0.766875 0.31537000000000004 0.03874999999999995 0.049671999999999994
1 0.76625 0.256326 0.018750000000000044 0.03467600000000001
1 0.7809375000000001 0.29709450000000004 0.04312499999999997 0.06747900000000001
1 0.8334375 0.6602625 0.135625 0.17900700000000003
1 0.7828124999999999 0.2319585 0.03187499999999999 0.044049000000000005
1 0.7871874999999999 0.2516405 0.028125000000000067 0.036551
1 0.811875 0.333646 0.05125000000000002 0.06185600000000002
1 0.818125 0.300375 0.036250000000000004 0.03842599999999996
1 0.9546875 0.2507025 0.026874999999999982 0.04592300000000002
1 0.9771875 0.2478915 0.018124999999999947 0.036551
1 0.9821875 0.2853795 0.023125000000000062 0.04217499999999996
1 0.98875 0.29194 0.02124999999999999 0.04404800000000003
