1 0.1840625 0.140833 0.12937500000000002 0.17
1 0.1984375 0.359583 0.015625 0.02250000000000002
1 0.3234375 0.1054165 0.165625 0.210833
1 0.28625 0.20791700000000002 0.036250000000000004 0.07749999999999999
1 0.38656250000000003 0.2495835 0.20937500000000003 0.229167
1 0.374375 0.40583349999999996 0.14875 0.163333
1 0.453125 0.1770835 0.12250000000000005 0.170833
1 0.5959375 0.262083 0.013125000000000053 0.027499999999999997
1 0.6834375 0.2416665 0.171875 0.25833300000000003
1 0.621875 0.442917 0.02375000000000005 0.01749999999999996
1 0.699375 0.684167 0.16749999999999998 0.265
1 0.6890625 0.5237499999999999 0.13187499999999996 0.130834
1 0.7346874999999999 0.403333 0.21562500000000007 0.265
1 0.818125 0.49041650000000003 0.18375000000000008 0.20416700000000004
1 0.850625 0.2675 0.16500000000000004 0.22
