1 0.118 0.4022405 0.236 0.4847250000000001
1 0.1335 0.721487 0.267 0.320774
1 0.141 0.160896 0.282 0.321792
1 0.3615 0.8564155 0.557 0.2851330000000001
1 0.358 0.1313645 0.43799999999999994 0.262729
1 0.41700000000000004 0.489817 0.504 0.5315679999999999
1 0.7605 0.2275965 0.477 0.455193
1 0.7795000000000001 0.7082485000000001 0.43899999999999995 0.550917
1 0.737 0.8569249999999999 0.3440000000000001 0.2841140000000001
1 0.6299999999999999 0.046843 0.128 0.093686
1 0.9319999999999999 0.3905295 0.134 0.14969499999999997
1 0.9359999999999999 0.059063 0.126 0.118126
