0 0.08937500000000001 0.3494985 0.051250000000000004 0.05239700000000003
0 0.0909375 0.230212 0.028124999999999997 0.030100000000000016
0 0.1021875 0.769788 0.020625000000000004 0.021182000000000034
0 0.14656249999999998 0.8773690000000001 0.014374999999999999 0.015607999999999955
0 0.1934375 0.9024525 0.015625 0.025641000000000025
0 0.21687499999999998 0.6867335 0.035 0.02229700000000001
0 0.2578125 0.7720175 0.014375000000000027 0.025641000000000025
0 0.27531249999999996 0.951505 0.02812500000000001 0.04124800000000006
0 0.5009375 0.787068 0.38437499999999997 0.19621
0 0.3353125 0.9821625 0.018125000000000002 0.03344500000000006
0 0.3615625 0.551282 0.03187499999999999 0.04124800000000006
0 0.4353125 0.974359 0.018125000000000002 0.026756000000000002
0 0.4378125 0.21126 0.015625 0.030100000000000016
0 0.5078125 0.45986649999999996 0.019374999999999976 0.023411000000000015
0 0.524375 0.050167500000000004 0.016249999999999987 0.017837
0 0.538125 0.8389075 0.04375000000000007 0.14158300000000001
0 0.5506249999999999 0.5546265 0.03874999999999995 0.025641000000000025
0 0.7615624999999999 0.7530654999999999 0.436875 0.15496100000000002
0 0.573125 0.9102565 0.013749999999999929 0.03678899999999996
0 0.59375 0.3534 0.04249999999999998 0.07580799999999999
0 0.6015625 0.9810479999999999 0.02187500000000009 0.022295999999999982
0 0.621875 0.592531 0.02124999999999999 0.03232999999999997
0 0.6646875 0.6962094999999999 0.013125000000000053 0.04124899999999998
0 0.6840625 0.8812705000000001 0.038124999999999964 0.025640999999999914
0 0.70375 0.9537345 0.011249999999999982 0.05239700000000003
0 0.7134375 0.6649944999999999 0.020625000000000004 0.030101000000000044
0 0.7378125 0.9041245 0.015625 0.020067000000000057
0 0.75125 0.6003345 0.02749999999999997 0.02341100000000007
0 0.768125 0.360089 0.05500000000000005 0.09364600000000001
0 0.753125 0.8344484999999999 0.01749999999999996 0.03678900000000007
0 0.7640625000000001 0.482163 0.03187499999999999 0.04347799999999996
0 0.774375 0.5691189999999999 0.018749999999999933 0.021181999999999923
0 0.798125 0.9425865 0.05625000000000002 0.039018999999999915
0 0.8490625 0.9141585000000001 0.12812499999999993 0.16053499999999998
0 0.824375 0.9693419999999999 0.04249999999999998 0.04570799999999997
0 0.8846875000000001 0.7196210000000001 0.01937500000000003 0.04347800000000002
