1 0.007422 0.268229 0.014844 0.044792000000000026
1 0.0121095 0.1005205 0.024219 0.046875
1 0.0140625 0.052083500000000005 0.028125 0.029167000000000005
1 0.0140625 0.1510415 0.028125 0.05416700000000001
1 0.019922 0.1796875 0.039844 0.02812500000000001
1 0.025781 0.2234375 0.051562 0.05729100000000001
1 0.013672 0.065625 0.017967999999999998 0.029166000000000004
1 0.018359499999999997 0.26979149999999996 0.027342999999999996 0.035416999999999976
1 0.036719 0.1302085 0.03125 0.05416699999999999
1 0.0433595 0.08125 0.044531 0.064584
1 0.054688 0.165625 0.056249999999999994 0.0625
1 0.056249999999999994 0.263021 0.031249999999999993 0.06979199999999999
1 0.0609375 0.354167 0.032812999999999995 0.04375000000000001
1 0.070703 0.2114585 0.04921799999999999 0.03958300000000001
1 0.0546875 0.389583 0.014063000000000006 0.03125
1 0.0648435 0.311979 0.032813 0.03645799999999999
1 0.0714845 0.384375 0.027342999999999992 0.05624999999999997
1 0.08125 0.10989600000000001 0.03906199999999999 0.05520800000000001
1 0.08203099999999999 0.380729 0.02500000000000001 0.044792
1 0.0921875 0.2421875 0.04062500000000001 0.05520899999999998
1 0.083203 0.3484375 0.019531999999999994 0.046875
1 0.0859375 0.28125 0.025000999999999995 0.029166000000000025
1 0.0835935 0.07447899999999999 0.015625 0.030208
1 0.094531 0.183333 0.03125 0.0625
1 0.0874995 0.14479199999999998 0.015625 0.037500000000000006
1 0.094922 0.3182295 0.022655999999999996 0.034375000000000044
1 0.10234399999999999 0.09114549999999999 0.023438 0.034375
1 0.11015649999999999 0.333854 0.023437 0.05520799999999998
1 0.141797 0.3890625 0.032032000000000005 0.06979099999999999
1 0.1425785 0.3286455 0.025781 0.046875
1 0.158594 0.3666665 0.024999999999999994 0.02083299999999999
1 0.160547 0.3020835 0.021094 0.04583300000000001
1 0.1683595 0.3359375 0.017969000000000013 0.03020900000000004
1 0.173047 0.372396 0.014843999999999996 0.04270799999999997
1 0.303906 0.2421875 0.026561999999999975 0.046875
1 0.31718749999999996 0.271875 0.039063000000000014 0.07500000000000001
1 0.314063 0.2041665 0.03125 0.033333
1 0.332422 0.2307295 0.03671800000000003 0.06562499999999999
1 0.33125000000000004 0.32447899999999996 0.023438000000000014 0.03854200000000002
1 0.3429685 0.215625 0.020313000000000025 0.02083399999999999
1 0.346875 0.1963545 0.028125999999999984 0.03437500000000002
1 0.348828 0.26875 0.030467999999999995 0.04166599999999998
1 0.358203 0.3125 0.035155999999999965 0.04166599999999998
1 0.362109 0.3375 0.02734399999999998 0.01874999999999999
1 0.365234 0.2375 0.028905999999999987 0.05208399999999999
1 0.3714845 0.209896 0.02109300000000003 0.02395799999999998
1 0.38359350000000003 0.28125 0.039063000000000014 0.04166599999999998
1 0.37812500000000004 0.31666700000000003 0.01874999999999999 0.01874999999999999
1 0.392969 0.246354 0.03749999999999998 0.048958
1 0.39414099999999996 0.3208335 0.03515600000000002 0.04166700000000001
1 0.3996095 0.2046875 0.035156999999999994 0.03437499999999999
1 0.411328 0.294271 0.032032000000000005 0.05104200000000003
1 0.4214845 0.25677099999999997 0.027343000000000006 0.05520799999999998
1 0.473437 0.3994795 0.09375 0.14687499999999998
1 0.6722655 0.2994795 0.09609299999999998 0.159375
